-12
-35
10
-37
32
12
-20
-22
-53
3
12
-6
-18
4
-20
-4
-4
5
-3
-8
-26
-6
1
-37
-21
-25
15
39
0
0
0
0
2
-12
-37
-69
-2
5
-1
-46
-19
-11
15
0
-45
-39
-33
-16
-43
-16
1
-8
-23
-31
23
-19
-42
-58
-23
13
0
0
0
0
14
7
4
-21
-9
-5
-17
-7
-73
-26
25
2
-9
-20
-17
-11
0
-23
-13
21
-44
-22
-14
-18
16
-10
-16
26
0
0
0
0
-25
6
-14
39
-40
29
2
-1
26
-18
-20
-2
-24
-1
-33
-37
1
-23
36
1
2
-9
-16
-3
-41
24
-9
7
0
0
0
0
-22
11
-7
-7
-11
-36
-15
21
-38
-20
-32
7
-13
0
-21
-44
-27
17
-8
12
-4
-22
-34
-26
-11
6
-1
-17
0
0
0
0
-11
24
56
-8
-23
-15
-7
-9
-49
-47
-50
12
13
-29
11
2
-18
-34
23
32
20
-14
-55
20
16
-40
7
27
0
0
0
0
-29
-20
-12
-18
9
-35
-28
-27
-16
0
-11
-42
-6
-33
-21
-15
-56
-4
-63
-11
-9
-12
-21
-36
-32
-33
48
-24
0
0
0
0
-57
-24
-40
8
-2
3
-29
-41
-23
-6
11
26
-37
-2
-6
-21
12
-35
15
-9
-26
-19
-18
-23
-36
9
-23
68
0
0
0
0
-65
-53
-58
-35
44
1
-7
-40
-35
1
35
-52
-5
-31
-40
8
-32
-9
-41
-33
-30
-2
-9
-45
-19
-16
25
34
0
0
0
0
19
-13
-34
-36
6
32
-19
-32
-42
-8
32
3
1
-23
-15
14
24
5
-38
-8
-49
-41
-6
-40
-25
-41
-11
52
0
0
0
0
15
21
-16
-33
-5
-12
-10
-15
-41
-59
21
2
-38
-3
-53
18
7
19
15
-20
11
-19
34
-21
-29
-6
-31
31
0
0
0
0
-37
-6
7
4
-2
6
-21
0
-48
-1
-30
31
-7
-5
-13
-66
5
-24
32
63
16
16
-37
3
-27
-5
5
29
0
0
0
0
-45
-39
-34
-2
-62
-61
-6
-66
-23
-48
6
-19
-33
-2
-70
-49
-8
-24
-12
-12
1
-17
0
-5
-48
-22
-25
-28
0
0
0
0
20
55
12
-21
-4
4
2
26
-32
-10
-1
7
7
-47
-42
19
-52
29
0
-24
-42
-28
3
26
44
-57
-8
20
0
0
0
0
-2
-14
4
17
-37
-53
20
-25
20
-4
-49
-10
-23
12
-54
-57
-15
-36
-23
9
-5
-47
-56
-8
-8
-45
7
-9
0
0
0
0
-63
-23
-69
-25
29
27
-21
42
-44
28
34
6
6
-22
-1
-42
-2
-47
-59
-8
-21
31
-31
-42
-27
29
20
44
0
0
0
0
-62
-33
-85
-5
-35
-43
-20
-40
-34
-17
-42
-15
-47
-1
-37
-34
-61
-64
-33
-41
13
-14
-19
-56
-52
-11
-9
17
0
0
0
0
37
42
4
44
8
29
-50
-8
13
-8
-14
-56
-28
47
-32
37
15
-5
-24
-5
45
14
27
0
-23
-6
-49
8
0
0
0
0
-11
-12
-12
-44
26
-24
-40
-16
-18
22
-46
-45
-29
-22
3
13
-5
-1
-8
-23
-35
-17
-1
-46
-43
35
13
0
0
0
0
0
-35
15
-25
-45
-16
-28
30
8
-33
-25
-21
-5
-22
-44
-27
-18
61
55
26
32
20
15
5
30
-22
-28
12
15
0
0
0
0
-46
-85
-38
-46
-49
-46
-9
-39
11
-20
-28
-36
-38
-67
-42
-34
46
-22
-16
-30
-47
-23
-22
-26
-42
9
10
-15
0
0
0
0
51
36
-14
-25
-20
-29
-9
-67
4
71
38
29
-23
-23
-39
-50
-25
15
-9
-20
-65
-39
-53
-19
-38
-40
27
33
0
0
0
0
10
45
13
-2
-8
-10
-14
-55
-41
-1
1
-40
11
-38
-2
-37
-47
12
-33
34
-52
-15
-23
-7
4
-25
17
-18
0
0
0
0
-43
-42
-2
26
-17
-13
-45
4
1
13
-10
11
-21
62
-41
-38
-20
-74
-34
-71
9
-36
-13
-22
-15
49
-3
29
0
0
0
0
-74
-46
-19
-4
-32
-35
-41
-60
-44
-10
-41
-57
-3
-11
13
-40
-81
-26
-56
18
-33
-15
-20
-48
-10
-22
12
-27
0
0
0
0
-20
-8
4
-33
33
50
-37
-11
-7
17
-3
-35
-59
26
10
30
-13
-33
7
13
16
-7
-2
12
-8
45
-20
15
0
0
0
0
-10
-12
1
-27
-28
-23
-1
-34
-16
-11
23
-19
-37
0
-24
41
-17
-63
-66
-33
1
-28
-6
-36
-38
-7
25
-17
0
0
0
0
4
-7
-11
-24
-68
-22
-27
-32
23
49
-32
24
-25
-23
12
-29
52
47
18
-28
-7
-9
4
23
24
46
25
37
0
0
0
0
-47
-28
-27
-23
-43
-58
-54
-16
-23
0
-36
-26
-31
-74
-36
-12
-33
-13
-23
-34
-63
-19
-12
-12
-1
11
18
-11
0
0
0
0
7
32
-7
30
10
9
-16
-24
-30
19
27
-17
-38
-36
-13
-26
-1
9
-62
-45
-58
-8
-14
-41
-35
-45
-7
34
0
0
0
0
-9
60
10
-45
-40
-21
-1
-19
-30
1
-20
-16
0
-71
-28
-14
-12
11
-15
-14
-11
22
-28
-14
-7
-47
-6
18
0
0
0
0
-41
-31
64
17
40
13
-48
-46
-2
27
-11
-18
-34
-3
12
-10
-45
-54
-29
-32
14
-4
20
-40
-45
67
13
18
0
0
0
0
-69
-26
7
-3
-27
-47
-45
-26
-25
-50
-7
-45
-1
-29
-47
-17
-8
-43
-46
-39
-44
-9
-48
-31
-18
-28
-12
-12
0
0
0
0
-30
-13
76
-55
-19
-44
5
-11
-1
-8
-5
1
6
21
-3
-4
33
24
27
16
39
17
-8
23
-2
-47
-13
14
0
0
0
0
24
-24
8
-34
3
-45
-27
-2
26
-73
-44
-19
-28
6
-28
-25
-30
-51
-33
-27
-51
-11
-5
-73
-36
-40
36
-23
0
0
0
0
-30
14
-30
-4
-86
41
-12
-35
-13
24
12
-34
-80
-30
20
32
7
17
-4
-3
23
-10
2
-11
-42
26
14
70
0
0
0
0
-18
-17
-24
-35
-46
-26
-50
-30
-38
4
-71
-13
-63
-51
-19
-60
-36
-55
-39
-22
-29
2
-21
-49
-48
-32
3
46
0
0
0
0
-2
51
25
7
27
-4
-3
44
22
11
-16
-7
17
-3
29
15
-24
-22
-37
-25
-40
17
27
-7
-18
-63
2
-6
0
0
0
0
-29
20
12
-39
-54
-26
18
-3
-40
31
-30
-26
-22
-39
12
9
4
35
-34
-15
-24
-4
-18
-4
3
10
-15
30
0
0
0
0
-39
-22
20
31
-20
-14
26
7
27
-34
11
21
-7
-39
-49
-7
-14
-10
41
-20
12
-39
-25
-22
-24
48
18
24
0
0
0
0
-44
-52
3
-47
-43
-53
-7
24
-13
-38
-39
-30
-22
-87
-44
-29
-8
-2
19
-45
-60
-56
-46
-22
-37
-4
8
3
0
0
0
0
9
9
69
16
-26
-69
-19
6
31
-45
-38
7
-48
17
-79
-58
-2
3
20
0
4
-33
15
-20
43
-42
-14
13
0
0
0
0
-5
-9
5
29
14
-6
-32
-17
9
0
-33
-31
-17
1
6
1
-58
-33
-7
-19
-35
-25
-31
-23
1
-29
42
-50
0
0
0
0
-30
-8
-2
4
-15
-5
8
9
-10
-21
-40
-29
-33
-65
-12
5
19
-24
-50
-43
-28
40
2
22
-31
30
2
30
0
0
0
0
-34
-30
-51
-25
-29
-1
0
-39
-18
-22
-35
-17
-52
-36
6
-38
-17
-49
-43
-46
4
-18
-28
-38
-40
-5
7
43
0
0
0
0
14
2
-1
-20
-30
-30
-13
8
-2
53
-15
-26
-23
-10
30
32
-42
22
-14
-20
-16
3
-14
-61
-41
-27
-32
8
0
0
0
0
-1
44
4
-8
-11
-50
-23
-29
-29
-28
0
4
-39
-43
4
-8
1
-30
-44
-37
23
6
4
-3
-27
-25
-10
11
0
0
0
0
-23
-18
47
46
-18
-40
-27
10
19
-2
-28
-12
7
14
-33
2
-15
20
43
-2
-51
-2
20
-3
4
11
-8
18
0
0
0
0
-46
-40
-22
-8
-12
-21
8
-44
-45
-15
-25
-30
-35
-26
-14
-32
-48
-27
-1
-45
-3
-29
-41
-4
-14
19
-19
-41
0
0
0
0
30
28
-9
-30
-37
18
-25
16
10
-25
-62
8
-15
-1
-38
20
-12
-32
-68
-23
-22
-60
-10
-19
22
-84
12
3
0
0
0
0
24
8
5
7
-33
-38
-3
-15
12
-19
-5
-21
11
-23
-49
-23
20
-2
-26
-45
-36
6
-16
-54
-42
-12
18
-34
0
0
0
0
-42
-15
9
-16
-6
-44
8
47
17
42
-35
-21
-13
-42
-2
-6
-17
-4
12
-28
-14
-9
-38
0
-40
32
14
59
0
0
0
0
-39
-27
-61
2
-8
-6
-18
-40
36
-53
-23
-43
-49
-44
-39
-43
-1
-30
-18
-43
-39
-59
-29
-20
-64
-12
41
17
0
0
0
0
26
-1
-14
-21
9
-13
5
8
16
-7
-23
-13
16
-13
-10
-21
9
45
30
-14
21
50
31
-31
-39
8
-18
50
0
0
0
0
0
-2
35
-42
-46
-29
-16
-52
9
-15
-24
-25
-26
-24
-31
-67
-43
10
-34
-41
-51
-29
-33
-2
-39
-64
5
13
0
0
0
0
-22
28
-23
-20
16
-18
-20
7
-42
-2
-18
12
-14
-22
-29
15
5
-28
-3
-3
40
7
-29
-8
-22
21
33
6
0
0
0
0
-50
-66
-26
10
-32
-17
-41
-63
-50
-26
-20
0
-9
-2
-69
-66
-54
-30
-53
-23
-15
-17
-55
-55
-55
-18
-17
-16
0
0
0
0
15
13
-11
-6
12
53
26
-14
-27
-54
-8
-16
6
44
15
-14
-7
-19
-3
-7
-5
-1
-6
31
-7
-29
-15
4
0
0
0
0
2
21
-26
-21
-22
-33
-7
47
-34
-37
-26
-12
-23
-3
-3
2
2
-17
-13
27
-50
-39
-9
37
-16
-20
34
-30
0
0
0
0
-26
-2
-25
-22
23
9
30
-20
14
-5
-44
-42
-32
-25
2
-14
22
17
13
-35
18
-35
-12
-56
-2
61
21
77
0
0
0
0
-36
-32
5
-7
-58
-37
-42
-1
-23
-7
-19
-63
-52
-12
-30
-20
-21
-19
-22
3
-83
-63
-63
-24
-12
-21
11
-36
0
0
0
0
4
12
23
-6
19
-59
-45
-38
4
-49
-46
-20
-2
-17
22
7
-4
4
10
23
-1
-57
-32
42
41
1
-9
23
0
0
0
0
1
-34
9
20
-31
-13
20
-2
-20
-13
-3
-39
-44
-30
-44
9
-9
-24
-32
-41
-18
-14
-44
-83
10
27
18
-20
0
0
0
0
-41
-25
-25
-35
9
40
-1
-28
-21
-61
-22
4
9
-18
-32
-56
-4
12
-9
-44
-61
-52
15
2
-59
-1
16
58
0
0
0
0
-47
-50
-21
-26
0
-11
-18
-3
-31
-38
-13
-8
-48
-65
-72
-38
-17
-47
-29
-31
-24
-45
-39
-41
-79
-12
27
11
0
0
0
0
17
15
8
2
15
-2
-30
-25
-3
-19
26
35
44
2
-4
-7
16
-6
3
6
9
31
19
-12
-44
-40
-15
15
0
0
0
0
-36
42
0
-62
3
20
-23
-28
-31
-94
-40
20
2
-2
1
-57
12
-17
3
-42
-2
-8
28
52
-51
-25
30
1
0
0
0
0
-38
-51
13
18
-9
24
25
-18
-13
-3
-60
-34
18
46
38
24
-33
19
-6
25
-22
-33
-32
0
57
49
31
28
0
0
0
0
-69
-56
3
-46
-18
-45
12
-17
-40
-26
-37
-74
-11
-9
-20
-21
-16
-56
-18
-40
-44
-29
-40
-10
-23
18
-6
-15
0
0
0
0
-17
-3
33
3
-39
-23
-7
7
20
-34
-21
-14
-56
-11
-23
6
-50
-12
-13
-36
-55
-48
-40
-29
27
-46
-33
4
0
0
0
0
24
14
13
-1
-9
-52
-14
-11
1
-10
-23
-47
30
3
-54
-1
-14
8
12
10
-57
-25
-6
-36
-31
-9
28
-12
0
0
0
0
-17
7
31
37
-12
3
-27
-18
-61
29
15
12
-11
-36
-13
-39
-25
-37
19
34
1
-33
-44
-64
-46
13
-4
47
0
0
0
0
-47
0
16
-44
-49
-44
-25
-13
-32
-34
-6
-38
-57
7
-18
-44
-39
-18
13
-18
-7
-49
-29
-64
-68
13
-21
21
0
0
0
0
-40
65
18
-12
-14
-38
-84
-24
30
26
-42
22
35
-12
10
-23
9
-29
8
5
13
-21
4
49
-2
-56
26
48
0
0
0
0
-4
-23
48
0
-45
-21
-54
-63
-21
-22
4
-31
-20
2
-16
-57
-43
-4
-22
-31
-30
-18
-25
-34
-32
-30
-25
-7
0
0
0
0
-44
-17
11
-3
-1
-16
-5
-15
-32
-46
-36
12
28
-13
-11
46
32
14
5
-36
-16
25
14
6
-19
57
31
27
0
0
0
0
-24
-48
-28
-27
-4
10
-22
-65
-29
-54
-44
-44
-10
-52
-17
8
-18
-15
-16
-27
-29
-17
-9
-30
-62
-16
12
14
0
0
0
0
49
21
19
6
-9
-35
24
-2
8
23
19
-31
-22
-3
-49
-24
-66
8
-15
-35
-55
-43
19
-29
-3
-58
-47
11
0
0
0
0
4
17
10
-47
-38
-10
-26
-15
6
-9
-29
15
1
3
-40
-2
-13
1
3
-12
-42
-46
-12
12
24
-49
3
-4
0
0
0
0
-61
43
18
5
-28
-90
-19
13
11
71
12
-17
43
13
-40
-53
6
-21
40
-4
-12
-16
-46
-6
-64
39
4
17
0
0
0
0
-59
-50
-22
-7
-60
-34
-33
1
-53
-1
-26
-22
-3
17
-55
-54
-32
-21
-32
-13
-13
-54
-25
-67
2
10
-41
-11
0
0
0
0
4
-13
50
-35
-50
9
0
-30
34
-27
-47
-6
-8
-10
46
17
-36
-5
33
19
12
-32
-26
16
71
4
-2
20
0
0
0
0
26
1
-23
12
0
-66
-38
1
-3
-14
-19
-59
-15
-22
-15
-67
-35
-37
-46
-42
-7
-40
-19
-64
-48
4
-7
-14
0
0
0
0
-27
46
-2
-14
-21
-53
0
-12
-28
16
-27
-93
-4
20
-2
23
-21
-34
4
-4
-71
-3
15
25
-21
14
-14
34
0
0
0
0
-27
-24
-40
-53
-48
-9
-80
-60
-15
-7
-35
-36
-67
-53
3
-35
-51
-10
-46
-57
-31
-36
-22
-31
-67
-18
-9
14
0
0
0
0
83
23
-17
-1
33
12
11
-58
-22
60
11
3
0
32
15
14
20
-3
-10
2
-24
10
60
-9
29
-49
-10
36
0
0
0
0
-29
-2
63
-45
-54
17
15
-13
-22
-25
-47
-5
-30
-25
-7
9
-14
0
1
-25
-33
-24
2
6
5
5
-9
3
0
0
0
0
-66
-33
-25
11
35
-15
14
21
22
-3
34
-41
25
1
-34
20
-4
-6
6
-5
2
-6
-50
-2
-12
54
34
11
0
0
0
0
-70
-74
-23
18
-14
-20
-25
3
-51
-47
-50
-37
14
-53
-25
-35
7
-54
-36
-36
-33
-16
-56
-30
-39
-4
-15
-3
0
0
0
0
27
-2
28
-19
-10
-39
31
25
-15
-45
-56
-51
-18
-57
-18
-37
-39
-19
-5
-25
-11
-34
8
-2
-6
17
-31
-16
0
0
0
0
24
5
-19
-15
-6
-21
-64
10
43
-25
-26
-26
9
25
-11
-41
-21
-18
31
-1
-34
-21
-25
4
-7
-21
32
11
0
0
0
0
-63
25
-25
-18
-2
-25
-2
-32
-62
-22
-1
-66
-18
28
-34
-14
-41
-32
-39
0
-19
0
-4
0
21
23
9
-3
0
0
0
0
-67
-28
-52
-27
-21
-24
-65
-8
-32
-2
-7
0
-47
5
-31
-59
-27
-40
-30
41
-26
-36
-36
-36
-31
28
1
9
0
0
0
0
43
-20
2
-43
-8
-1
-8
-52
-32
39
-42
-1
-13
41
18
7
-68
-47
32
-10
10
-26
-28
-43
-39
-52
-24
22
0
0
0
0
22
1
45
-1
-34
-38
17
-9
-71
9
-43
-30
-80
-6
-22
-35
9
-29
-60
7
-18
-29
14
-27
-21
7
-10
-7
0
0
0
0
-57
39
-32
-29
33
6
2
57
40
-51
45
-50
-11
-34
13
-19
-5
37
2
-6
-30
-38
1
22
-21
50
30
-1
0
0
0
0
-54
-40
13
-34
-39
-32
-49
2
-14
-21
-42
-42
-53
-45
-13
-24
3
-7
-14
-62
-16
-2
-45
14
-28
-8
34
-2
0
0
0
0
-59
-25
-30
-36
-41
-38
-18
-34
-47
-50
-10
-20
-19
-23
-53
-55
-33
-66
-9
-26
-68
-50
-55
-72
-2
-10
16
4
0
0
0
0
-56
-37
-37
-70
-44
-60
-81
-38
-34
-51
-29
-46
-66
-53
-65
-23
-65
-12
-65
-37
-21
-66
-36
-28
-86
-32
-11
-56
0
0
0
0
-45
-27
-14
-68
-22
-34
-35
-65
-17
-66
-35
-54
-32
-12
-53
-31
-53
-21
-33
-52
-26
-9
-49
-34
-19
-35
-5
-1
0
0
0
0
9
22
6
31
-13
-31
-23
-37
-25
-17
28
-11
-27
-39
-49
-35
3
-21
1
-27
-25
-15
11
0
-20
-31
-31
26
0
0
0
0
27
47
46
36
47
6
28
61
9
50
-6
24
38
27
28
8
30
27
33
87
30
-10
30
44
-14
54
16
32
0
0
0
0
10
56
24
38
-13
39
2
23
23
57
51
-2
47
45
49
59
19
9
61
8
1
54
-1
48
48
-13
6
49
0
0
0
0
31
18
21
32
13
-6
14
37
10
-14
-9
-18
18
-4
-25
-8
5
20
-7
23
1
-20
2
19
-4
47
-12
14
0
0
0
0
-41
15
0
-60
-25
22
-57
-16
8
-36
-5
3
5
-52
11
-19
-38
-10
24
-63
-43
-41
-29
20
-7
-59
8
-31
0
0
0
0
16
-41
9
-13
-25
-55
-39
-26
-43
-37
-30
-70
-38
10
-46
-49
-63
-29
-44
-4
-34
-25
-18
-57
-28
-14
-37
9
0
0
0
0
-23
19
12
-5
-13
35
-21
-8
24
3
-18
17
-16
-16
-27
13
10
-14
2
6
19
-31
-8
16
-10
-5
25
-14
0
0
0
0
0
-6
14
-15
14
-23
-23
0
5
1
8
5
-11
27
23
-26
-3
25
13
-2
-8
-6
-13
-19
4
28
12
20
0
0
0
0
-62
-45
-16
-32
-14
-25
-32
-26
-18
-7
33
12
4
38
-18
3
5
-29
-16
34
-7
14
-38
-32
-12
51
42
37
0
0
0
0
-46
43
3
20
9
2
-38
-9
-8
-19
18
-4
-63
-15
-20
-40
41
-27
0
37
-7
7
8
7
-17
-6
16
19
0
0
0
0
-55
-24
3
-27
-11
-50
-18
-2
2
12
7
12
3
17
11
-63
2
-8
-15
7
-17
-14
-20
-20
-29
16
29
49
0
0
0
0
-57
-2
16
-19
-44
-3
-45
-14
-49
-59
-30
-12
-18
-56
-32
-9
-21
-31
14
-14
-15
-26
-63
-23
-8
-26
20
14
0
0
0
0
