43
32
20
24
17
29
21
8
28
48
4
12
-5
-1
46
16
13
24
25
-4
1
4
4
41
6
28
41
-12
0
0
0
0
40
22
15
-47
-12
9
0
17
20
23
1
-2
-1
-33
10
19
-9
8
-2
-7
-16
7
27
26
8
-32
-14
-16
0
0
0
0
6
23
-46
-29
-58
-17
-36
-47
-11
32
2
18
-38
-35
-5
-19
-20
-42
-32
-34
-39
-26
-5
31
-28
12
5
-20
0
0
0
0
-18
-44
26
-17
19
5
38
17
39
-37
-20
-17
38
7
15
-3
9
13
-16
14
29
34
20
-10
5
-33
-22
-21
0
0
0
0
48
24
40
8
5
-12
-17
19
18
37
21
19
13
29
10
54
37
12
0
0
-26
-11
27
-6
36
52
-14
-17
0
0
0
0
52
25
54
14
-15
-10
-13
23
4
-18
5
-13
2
16
8
27
10
11
5
10
-5
-12
1
8
47
-3
-16
9
0
0
0
0
38
1
13
-29
-46
-41
-41
-16
-15
-11
-34
-27
-10
-23
-36
1
10
10
-18
-6
-28
-11
-16
-38
10
11
-27
-40
0
0
0
0
11
27
22
-15
3
21
51
58
25
16
22
36
30
16
35
21
0
19
30
-2
32
20
39
58
58
-24
-27
15
0
0
0
0
53
36
103
61
36
17
50
44
34
30
28
11
-9
35
46
28
23
12
29
40
52
40
34
78
58
29
20
2
0
0
0
0
54
58
10
-30
16
-6
-23
-28
-12
7
22
3
-7
0
-10
38
-11
20
1
-20
-29
-44
-5
-9
25
-19
2
-5
0
0
0
0
31
6
2
8
-6
7
-48
-42
-38
-8
-36
-25
-68
-25
11
-24
-27
-25
-41
-67
-19
-20
-24
11
-20
18
-3
-12
0
0
0
0
38
49
19
-16
20
26
14
38
88
58
27
30
44
29
32
41
40
53
28
36
9
13
48
39
52
16
20
-27
0
0
0
0
21
22
29
-1
78
0
28
35
42
23
31
35
59
8
48
55
34
-1
1
36
25
14
-3
-17
26
8
12
-14
0
0
0
0
15
24
2
-16
5
-29
-11
-23
-28
-29
-17
-27
-45
-17
-52
3
-3
-29
-22
-32
-35
-60
-36
-15
8
-29
-61
-24
0
0
0
0
30
25
0
-65
-51
-57
-62
-27
-29
-18
-47
-33
-11
-22
-34
42
0
-17
-31
-32
-71
-66
-45
-64
-14
-54
-68
-29
0
0
0
0
35
36
85
2
32
19
33
11
15
40
75
-6
7
5
41
32
14
33
33
-2
-16
24
40
56
71
14
33
21
0
0
0
0
45
59
38
20
-20
5
65
27
12
-13
-23
50
52
13
10
6
43
35
43
68
66
24
10
34
50
12
9
-8
0
0
0
0
38
26
-24
9
10
-12
-15
-75
-52
-22
-26
-49
-43
-9
2
1
-5
-13
-47
-6
-18
-4
-9
8
-45
-64
-29
-27
0
0
0
0
55
6
29
-22
0
-20
-33
-22
-9
-15
-67
-74
-81
-21
-26
-63
-42
-43
-18
-37
-12
-10
-23
-6
-32
4
-8
-55
0
0
0
0
39
73
20
57
38
24
-11
-14
-22
24
77
46
30
21
66
65
34
66
8
22
-25
-9
4
36
35
10
24
19
0
0
0
0
16
2
26
59
67
51
50
67
80
-23
-6
-29
49
58
31
57
5
29
4
-19
16
19
54
3
29
22
-1
-22
0
0
0
0
18
27
-7
-57
-47
-45
-4
-10
-25
-23
-18
-1
-2
-41
-53
-32
-44
-40
-26
-13
-32
-39
-33
-33
-46
-43
-63
-40
0
0
0
0
12
25
-21
-32
-32
-33
-22
-2
-27
-27
-31
-47
-53
-35
9
20
-32
-26
-49
-41
-75
-47
-25
-34
-17
-43
-54
-49
0
0
0
0
49
53
42
46
47
28
47
-4
2
15
86
65
13
4
-17
61
43
15
31
10
45
5
22
23
51
16
0
44
0
0
0
0
57
58
36
14
8
12
62
37
34
9
8
37
45
38
39
19
41
46
89
34
50
26
17
32
45
24
-39
-27
0
0
0
0
-12
-10
-51
-49
-26
0
-23
-29
-10
-31
-27
-65
-37
-13
-31
-36
-16
-12
-41
-19
-8
-9
-21
-16
-10
-31
-40
-57
0
0
0
0
56
6
27
-33
-68
-72
-40
-72
-35
-21
-43
10
-42
-21
-54
-76
-52
-67
-12
-22
7
-50
-66
-41
-21
-6
-52
-67
0
0
0
0
9
20
20
54
54
78
33
17
53
20
17
-7
30
21
27
26
63
60
24
35
31
32
37
54
-18
-25
7
14
0
0
0
0
41
66
10
12
36
63
18
15
51
33
7
6
44
82
26
30
26
11
4
69
65
40
22
36
36
16
28
-42
0
0
0
0
2
9
10
-38
-14
-41
-31
-47
-30
-52
-29
-49
-24
3
-19
-34
-42
-20
-31
-32
-44
-51
-20
-44
-1
-72
-64
-56
0
0
0
0
4
1
-37
-50
-24
-2
-15
-9
-11
-55
-61
-70
-37
-32
-23
5
-38
-28
-75
-86
-46
-50
-29
-21
-22
-39
-49
-39
0
0
0
0
24
15
33
58
63
-13
42
46
18
8
25
31
23
7
19
-3
-10
55
78
63
10
34
47
3
23
-14
-1
-14
0
0
0
0
52
50
10
-2
2
49
58
10
1
36
84
18
-4
11
68
38
-7
42
8
-11
2
28
59
0
30
34
23
5
0
0
0
0
-8
-3
8
-63
-22
-45
-53
-42
-14
-17
-32
-40
14
3
-1
-27
-36
-16
-31
8
-38
-34
-51
-21
2
-55
-26
-37
0
0
0
0
45
20
11
-20
-52
-68
-19
-32
-37
-48
-68
5
-21
-5
-23
-28
-36
-17
-13
-47
-28
-47
-33
-86
-50
-55
-49
-56
0
0
0
0
-16
0
2
26
55
38
33
34
69
31
26
-17
53
43
4
14
56
27
8
56
24
-3
-22
74
62
16
-34
-6
0
0
0
0
42
39
5
4
13
37
27
17
-17
-19
64
52
58
17
47
39
17
15
27
97
33
26
-2
50
4
12
34
-4
0
0
0
0
21
26
-6
-26
-14
-8
-27
-14
-21
-46
-28
-5
-30
2
-2
1
-11
-9
-57
-26
-44
-2
5
-31
-17
-62
-40
-43
0
0
0
0
46
26
-22
-87
-27
-22
-12
-19
-31
-57
-29
-41
8
8
-36
-5
-31
-48
-33
20
11
-16
-40
-11
-62
-33
-24
-56
0
0
0
0
-3
20
12
75
59
40
-20
21
50
56
31
-13
28
61
28
18
-8
51
24
29
0
37
44
11
63
12
-2
-39
0
0
0
0
26
13
11
11
4
22
71
18
-4
1
12
32
28
24
41
32
75
40
-18
-24
22
56
-19
21
42
54
-14
-8
0
0
0
0
27
36
12
-8
-52
-32
-25
-34
-78
-31
-34
-11
-23
-17
-16
-39
-77
-46
-36
-21
-8
-6
-21
-51
-24
-46
-73
-36
0
0
0
0
39
35
-24
-12
-38
-5
4
-18
-26
-38
-49
-36
-48
2
2
-26
-25
-6
-68
-68
-56
-37
-28
-49
11
-18
-66
-80
0
0
0
0
19
61
40
-6
30
13
-3
14
24
42
24
46
46
40
40
14
16
16
40
77
30
24
46
51
10
-54
14
5
0
0
0
0
17
4
27
37
41
47
10
24
1
15
41
14
76
53
44
39
29
26
75
53
1
25
58
67
39
35
23
8
0
0
0
0
39
7
-31
-61
-67
-21
-30
-13
-8
-17
-28
-17
-9
-38
-15
-3
-25
-22
-14
-32
-34
-33
-30
-40
-27
-74
-27
-31
0
0
0
0
48
1
-21
-56
-4
-18
-46
-41
-65
-48
-14
-36
-29
-19
-33
-35
-83
-98
-31
2
-27
-44
-26
-33
-72
-19
-22
-65
0
0
0
0
50
40
29
-1
-13
14
32
48
33
18
42
23
56
43
38
39
51
48
29
28
31
69
20
-10
41
-3
-1
7
0
0
0
0
16
-2
61
77
54
1
-7
34
25
19
28
79
47
33
63
27
26
18
33
47
40
46
50
34
61
12
0
-17
0
0
0
0
10
2
-6
-47
-27
-32
13
-22
-12
-37
-50
-28
-1
-12
-2
-43
-39
-34
-62
-74
-38
-40
-42
-29
-8
-51
-71
-40
0
0
0
0
9
-2
-14
-63
-72
-31
-31
-50
-13
-29
-28
-30
0
-27
-27
-47
-15
-24
-79
-77
-44
-41
-75
-73
-21
-59
-96
-56
0
0
0
0
43
47
25
-26
9
66
70
19
-6
24
0
8
10
53
51
17
-9
30
18
60
41
21
17
29
60
-8
3
39
0
0
0
0
16
68
60
33
57
-15
8
-20
12
33
15
23
46
26
11
28
74
29
8
-1
38
11
33
73
56
40
-6
-39
0
0
0
0
38
-6
-41
-25
-14
-47
-25
-32
-13
-22
-8
-22
-16
-16
4
-19
-33
-39
-15
-1
-24
13
-11
-15
-41
-37
-38
-54
0
0
0
0
30
-8
10
-55
-7
-27
-35
-38
-49
-32
-40
-38
-9
1
-17
-17
-37
-34
-34
-65
-58
-38
-14
-33
-43
-24
-36
-65
0
0
0
0
39
19
-26
7
23
23
35
67
15
-6
-10
29
15
1
76
57
-3
0
49
46
17
32
14
21
10
25
30
-13
0
0
0
0
49
35
4
52
6
2
4
5
51
78
82
30
16
14
32
20
2
30
45
29
18
45
47
-12
26
35
23
-10
0
0
0
0
-4
19
-10
-11
-13
-22
-27
-25
10
-25
-22
23
7
3
-17
-7
-1
-8
-53
-25
4
-17
-34
11
2
-71
-68
-48
0
0
0
0
13
16
5
-21
-33
-71
-37
-25
-36
-26
20
28
-5
-50
-19
-39
-35
-42
-15
15
3
5
-18
-13
-27
-45
-63
-56
0
0
0
0
-9
22
13
22
22
61
51
0
38
6
-19
18
58
64
43
63
57
30
-19
5
58
19
1
14
63
-6
-11
27
0
0
0
0
52
73
11
-19
-23
33
9
26
43
52
49
79
36
27
-13
38
15
4
-18
12
17
10
52
48
-2
-26
-23
-25
0
0
0
0
16
32
-23
9
-4
-45
-76
-38
-20
-21
-20
-16
-6
-8
-28
-36
-27
-51
-41
-33
-24
-14
14
0
-22
-50
-38
-62
0
0
0
0
28
35
1
-34
-53
-46
-27
-38
-10
-34
-69
-12
4
-6
-27
29
-12
-36
-56
-73
-24
-39
4
0
18
-9
-85
-85
0
0
0
0
29
19
24
76
48
22
-2
11
24
32
41
22
42
65
66
3
12
23
58
37
40
65
48
24
26
-3
-12
0
0
0
0
0
64
35
2
30
-9
41
65
50
19
53
30
-33
7
50
30
11
62
87
38
8
5
69
37
24
74
67
35
-6
0
0
0
0
20
17
17
-10
-55
-32
-50
-33
-11
-20
17
18
-28
-30
-30
-30
-41
-26
-17
-14
-28
-15
1
-12
0
-76
-76
-65
0
0
0
0
36
34
-8
-37
-57
-47
-34
-53
-46
-15
-12
-38
-37
-55
-32
-46
-21
-17
-21
-37
-38
-14
-6
-38
-29
-29
-21
-29
0
0
0
0
18
39
27
74
50
10
-36
3
56
43
44
68
43
29
40
66
22
6
-1
87
62
38
31
73
39
-36
-9
-28
0
0
0
0
51
30
29
-9
53
74
36
54
25
10
41
63
8
12
58
1
-32
2
32
54
42
31
42
57
45
13
10
-22
0
0
0
0
11
9
-13
-67
-29
-3
-33
-21
26
-18
-30
-34
-47
-62
-39
-33
-30
-48
-53
-53
-71
-54
-66
-10
-23
-85
-49
-55
0
0
0
0
43
23
-26
-41
-45
-50
-41
-27
-21
-36
-33
6
-2
-21
-35
-12
-68
-70
-54
-37
-42
-35
11
-34
-47
-70
-96
-107
0
0
0
0
17
23
30
64
24
-17
-22
0
34
65
71
15
26
14
19
25
63
32
-2
17
26
44
9
39
49
10
-9
-8
0
0
0
0
50
8
-4
-13
33
28
55
53
44
-10
-10
9
53
1
6
68
60
-2
9
29
32
64
4
56
43
60
42
-23
0
0
0
0
16
-2
-20
-46
-24
-27
-21
-24
-30
-9
-17
-30
-32
-16
-30
-29
-42
-27
-40
-28
-33
-13
-16
-12
-3
-46
-44
-44
0
0
0
0
42
-2
-24
-81
-64
-37
9
-20
-6
8
-27
-106
-38
-54
-69
-59
-7
-9
-53
-58
-64
-29
-78
-32
-13
-32
-32
-42
0
0
0
0
3
43
56
12
7
38
-13
17
15
40
53
76
-5
53
50
38
0
23
22
14
14
32
40
64
74
-29
-20
-30
0
0
0
0
25
44
20
43
43
39
23
12
10
17
32
57
45
47
17
15
84
62
28
15
58
66
28
17
-12
44
5
19
0
0
0
0
48
10
6
-38
-50
-14
25
-7
31
-18
-35
-16
-33
-52
-24
-23
-59
-29
0
-30
-21
-38
-12
-27
-18
-46
-71
-49
0
0
0
0
29
27
-31
-63
-2
-40
-69
-9
-61
-54
-8
26
-52
-15
-28
-69
-56
-47
-40
-50
-42
-14
11
-11
-43
-41
-54
-73
0
0
0
0
39
21
-9
25
40
34
72
55
72
21
56
-8
-18
-18
43
54
32
-13
28
37
19
3
25
41
45
27
32
-16
0
0
0
0
1
37
60
71
37
26
39
23
35
13
-9
9
37
35
19
-9
0
18
42
24
7
10
46
64
18
-19
-37
-13
0
0
0
0
40
4
-21
-47
-45
-2
9
-54
-30
-22
-61
-33
0
-39
-52
-10
-16
-22
-5
-22
1
-18
-14
-39
4
-51
-43
-4
0
0
0
0
29
9
-2
-35
-35
-34
13
-27
13
-28
-31
-48
-8
-58
-69
-34
-28
-45
-30
-37
-45
-32
-41
-10
-16
-20
-65
-84
0
0
0
0
27
27
8
-17
23
65
68
19
4
22
16
44
18
-9
19
58
33
8
-5
29
40
33
29
30
65
22
34
11
0
0
0
0
28
28
-8
8
9
14
-11
58
53
57
75
24
25
28
11
74
5
11
33
60
61
16
4
12
47
-2
6
0
0
0
0
0
45
18
-23
-4
-8
-36
-36
-49
-49
-17
-10
-8
9
7
7
-16
-18
-1
-10
-14
-10
-20
33
-11
-19
-45
-72
-44
0
0
0
0
38
23
-40
-75
-28
-26
-53
-36
-61
-35
-15
-22
-33
-7
-8
-7
6
-23
-8
-9
-5
4
4
-23
-31
-24
-37
-19
0
0
0
0
54
21
34
21
16
50
40
31
48
19
24
41
15
44
11
-1
-1
72
34
-3
33
26
46
22
46
-1
29
10
0
0
0
0
33
37
40
77
12
24
3
-22
12
2
41
21
39
29
37
8
48
46
-11
2
23
43
14
-11
25
23
-12
-25
0
0
0
0
40
-1
30
-22
-47
-39
-23
-36
-33
1
-70
-36
-31
-46
-47
-18
-57
-38
-10
-31
-23
-30
-32
-21
-34
-73
-85
-53
0
0
0
0
8
30
14
28
-10
-26
-40
-44
-28
-92
-72
-31
-3
-16
-49
-35
-31
-21
-36
-45
-34
-22
-7
0
-27
-42
-55
-74
0
0
0
0
73
15
50
-18
2
27
75
-3
27
40
38
70
40
4
20
73
12
11
46
54
48
30
40
14
27
-31
-2
25
0
0
0
0
19
66
55
26
29
89
45
56
44
71
18
52
16
20
45
32
21
66
63
36
9
14
22
62
59
31
14
-17
0
0
0
0
28
-8
-52
-23
-8
-22
-24
-22
-59
-40
-41
-44
-29
-4
5
-25
-26
-54
-26
-33
-39
-27
-13
-43
-36
-70
-69
-36
0
0
0
0
28
-1
-16
-78
-81
-47
-15
-4
-29
0
-24
-55
-55
-63
-67
-54
-71
-38
-17
-36
-48
-61
-76
-30
-42
-40
-57
-42
0
0
0
0
63
26
-14
80
67
13
8
5
-3
21
32
52
71
43
46
20
60
28
22
46
59
32
84
8
31
-13
-10
-4
0
0
0
0
70
13
-11
15
32
-10
45
65
22
30
50
21
20
52
84
75
70
28
8
55
32
41
77
9
22
61
15
-15
0
0
0
0
37
50
48
-9
16
74
43
5
8
-4
-10
7
3
-25
-10
23
34
-4
0
-33
20
7
12
49
55
-8
6
-32
0
0
0
0
22
-25
-27
25
17
9
10
21
11
35
13
23
-7
34
23
-15
2
-10
15
-12
-27
10
9
-31
11
-18
-10
-5
0
0
0
0
10
-20
27
-30
0
-22
22
2
-24
-13
-21
25
-12
-26
-8
47
4
-19
-30
7
30
4
16
26
-24
-38
-27
-28
0
0
0
0
-6
4
12
-12
-34
-45
-25
-17
-43
-17
-18
-24
-12
-33
-44
-53
-32
-35
-49
-14
-36
-61
-31
-19
-35
-34
-66
-65
0
0
0
0
41
42
1
-22
-16
12
-22
2
-10
15
-12
-65
-43
-19
-7
1
-20
-29
12
-13
-37
-13
-16
-5
-11
-40
-28
-24
0
0
0
0
30
3
2
-8
-23
-17
8
13
-19
-11
-5
-6
-2
24
-10
16
16
-18
-12
-19
-27
-10
3
-6
3
-8
-36
-25
0
0
0
0
7
16
-12
-40
-22
-9
-41
-39
-15
-25
-47
-27
-32
-34
-47
-32
-37
-39
-25
-46
-14
-44
-26
12
-16
-38
-12
-43
0
0
0
0
23
48
-37
-29
-58
-59
-56
-44
-62
-103
-59
-44
-46
-36
-8
-34
-4
-44
-59
-55
-65
-48
-15
-65
-63
-62
-87
-68
0
0
0
0
40
39
21
-11
-7
18
-13
-5
-5
26
-8
-29
-3
-29
-57
-60
-41
12
-30
-32
-27
-35
-29
22
-10
-15
-49
-59
0
0
0
0
49
36
-9
3
-18
-9
19
28
-3
14
2
-9
4
26
54
29
52
-12
23
21
-10
33
43
-12
17
6
-34
-8
0
0
0
0
47
32
7
4
19
25
-8
16
-1
-18
-32
2
9
8
-5
1
0
4
-21
-35
6
-9
11
39
6
0
-7
-46
0
0
0
0
16
4
83
14
25
33
25
-2
37
66
14
34
51
46
12
11
-16
46
13
29
57
50
6
38
37
-12
-26
23
0
0
0
0
66
4
13
50
35
2
13
30
1
5
-8
13
8
32
48
28
15
-7
47
14
17
20
24
-13
-1
-13
2
-5
0
0
0
0
32
31
43
30
11
22
50
22
14
34
20
28
23
18
5
25
39
12
18
35
4
-5
22
14
32
13
-14
-21
0
0
0
0
67
58
37
14
35
34
15
44
36
50
20
1
19
28
42
39
25
52
42
11
24
24
31
55
32
16
21
-14
0
0
0
0
