25
-1
18
37
41
5
-16
18
21
33
15
3
23
30
41
34
20
27
9
2
14
29
14
6
29
41
44
14
0
0
0
0
-23
-25
-11
10
-41
28
23
-27
-23
-11
-29
5
7
-21
-2
-17
-54
12
8
2
1
-11
-4
-9
-41
-34
25
21
0
0
0
0
39
39
29
50
36
26
7
-3
54
53
23
65
23
42
52
14
41
38
25
16
42
31
37
54
11
64
47
-3
0
0
0
0
-71
-41
-83
-32
-25
-39
-13
-31
-16
-58
-62
-41
-43
-31
-13
-62
-38
-30
-36
-24
-8
-20
-16
-16
-77
-36
-18
-21
0
0
0
0
12
49
21
-36
5
16
38
34
20
8
47
38
12
-1
-13
26
23
20
33
22
1
-5
30
28
28
19
-22
5
0
0
0
0
13
-14
-31
-9
24
45
-64
24
11
20
24
-4
-1
2
-9
29
-6
8
29
-42
-6
53
44
-31
-17
60
-4
14
0
0
0
0
7
17
29
-4
10
49
55
55
18
31
13
17
-2
-7
-1
9
3
6
29
16
0
21
19
-4
16
-5
-22
24
0
0
0
0
-68
-65
-54
-46
-30
-22
-18
-11
-2
-11
-3
14
2
-17
-29
-41
-25
-24
-4
1
-13
-6
-5
-26
-18
-8
3
14
0
0
0
0
-19
-22
25
65
38
-11
0
-8
26
14
-4
-14
8
41
11
-11
15
-8
-37
-2
21
6
-23
-2
36
17
32
2
0
0
0
0
22
13
-21
-10
-46
41
19
35
36
17
8
-7
-45
5
2
-28
23
20
29
0
3
23
-3
34
-19
-6
-4
15
0
0
0
0
26
13
45
49
39
14
-2
28
21
33
1
-12
39
30
56
32
53
47
28
39
38
52
-6
19
29
41
39
-7
0
0
0
0
-56
-54
-30
-44
-67
6
-42
-59
-31
-20
-6
28
-3
-21
-16
-90
-36
-3
-12
-19
-15
-13
-19
2
-35
15
39
-12
0
0
0
0
-30
-1
-10
-21
-4
-14
9
-47
-40
-45
-15
-5
-2
-36
21
6
-12
-12
9
6
6
-2
-3
4
-48
-56
-16
5
0
0
0
0
1
-18
29
31
17
-3
-38
2
22
38
23
-3
1
40
21
31
-3
9
5
0
-9
-2
9
-7
28
47
69
62
0
0
0
0
23
64
7
-13
16
37
42
27
-1
29
65
35
18
0
4
40
-1
21
30
19
-1
-5
39
30
33
7
-11
27
0
0
0
0
-23
-14
-22
12
60
-10
-59
-6
-51
13
23
-6
-3
-24
28
18
-5
42
-23
-49
-20
44
22
-28
33
26
27
50
0
0
0
0
-55
-50
-44
-13
-11
-32
-4
-12
10
-27
-35
1
31
-12
-36
-52
-52
-52
-33
-16
-15
-36
-44
-75
-30
-20
-28
-19
0
0
0
0
59
28
0
36
21
-26
-15
-6
2
38
45
60
-9
-11
25
12
20
28
38
-5
4
-8
8
44
39
46
43
20
0
0
0
0
9
-16
34
40
2
6
20
25
58
17
7
29
8
43
13
19
38
-24
-9
-3
12
-7
-7
38
37
28
20
-14
0
0
0
0
-6
-13
-7
26
-6
53
-22
32
6
31
30
2
-8
15
-4
7
29
23
25
-6
-11
-13
-20
6
-62
-10
40
78
0
0
0
0
-47
-55
-56
-40
-35
34
34
10
-7
-44
-24
-67
-62
-18
-11
-8
5
-4
12
-8
35
57
44
20
-24
-25
-27
-30
0
0
0
0
5
-5
-16
78
58
2
0
0
14
33
13
37
-11
22
10
29
30
-50
-5
2
10
4
6
0
-25
53
33
41
0
0
0
0
43
44
46
32
21
16
20
5
-10
-7
6
19
-4
15
44
44
40
28
48
27
57
58
71
35
11
7
-12
17
0
0
0
0
-18
-33
-2
36
35
3
-10
14
31
20
29
-13
0
8
-15
6
-1
49
22
26
12
23
14
-29
-8
52
92
34
0
0
0
0
-74
-28
-17
-48
-46
-50
-16
-24
-19
-18
-14
-23
32
-34
-34
-62
-78
-36
-29
-19
-46
-51
-37
-38
-15
-73
-50
-24
0
0
0
0
25
-2
55
27
3
-1
48
15
1
42
-24
-30
13
-3
31
24
50
35
50
27
41
77
2
6
-43
26
41
26
0
0
0
0
22
15
16
9
-13
-5
20
29
45
41
-12
56
47
7
20
-18
-8
8
0
13
-12
-19
-37
-28
20
17
-17
1
0
0
0
0
13
-31
7
57
28
24
21
6
-27
54
28
58
-61
-16
-1
-25
17
2
33
-35
3
-12
11
43
6
51
24
34
0
0
0
0
-36
-42
-61
-61
-63
-42
-58
-26
-20
-43
-20
-8
-42
-20
-13
-16
11
-18
-20
2
-17
2
4
38
20
-11
19
-8
0
0
0
0
9
12
9
4
20
31
4
75
29
-9
-4
26
48
25
-42
-21
-5
8
33
29
6
-31
-7
-4
9
-9
44
41
0
0
0
0
26
3
5
-2
30
44
18
18
24
2
20
-33
2
29
16
68
35
50
52
37
66
43
49
45
37
56
19
-12
0
0
0
0
-60
-78
-9
93
34
-5
-29
15
38
53
45
2
0
-3
-11
18
-9
-43
-17
17
-18
-4
2
13
0
37
19
34
0
0
0
0
-48
-2
-21
4
-21
-25
-18
-30
-32
-35
9
-1
9
-17
-6
-19
-35
-21
-78
-79
-66
-50
-27
-34
-19
-18
-38
7
0
0
0
0
-21
0
-1
18
21
12
27
56
42
22
-24
19
-37
15
0
15
82
29
-1
-5
52
9
44
33
78
66
-4
-1
0
0
0
0
2
68
27
52
22
28
14
-6
-4
15
-15
14
29
18
10
-20
-5
2
-12
-12
-12
-21
-9
17
11
-16
-22
3
0
0
0
0
-32
-56
25
14
8
-15
37
13
60
53
-32
-7
5
-20
-11
-11
22
35
26
-19
27
8
17
-1
-13
12
1
52
0
0
0
0
4
-33
-39
-17
-46
-48
-59
-64
-62
-25
-19
-21
-26
-53
-17
-22
-20
-23
28
23
0
15
-21
-28
-49
-2
19
11
0
0
0
0
14
40
54
7
56
19
-13
-9
63
15
17
-25
31
52
14
10
-9
-19
8
9
12
-21
42
17
-5
1
37
1
0
0
0
0
31
2
7
-21
14
-9
2
15
17
-6
31
9
-10
33
30
50
49
14
54
35
28
42
35
40
16
40
38
-9
0
0
0
0
-41
-19
-12
23
5
-14
-20
84
28
15
0
24
45
-18
-55
-11
-12
2
33
31
-7
16
-18
8
-49
29
71
1
0
0
0
0
-29
-21
-26
-43
-20
16
-7
-20
-38
-23
-13
-16
-2
-29
-22
-1
18
-3
-34
-23
-26
-28
-47
3
-35
-54
-33
19
0
0
0
0
29
16
5
-17
-37
2
4
28
30
26
10
28
-2
-6
21
6
4
33
21
29
28
23
22
-12
-11
39
52
69
0
0
0
0
21
55
25
18
17
53
48
30
25
10
35
30
41
31
34
17
32
24
-28
12
13
5
20
7
13
-2
-25
25
0
0
0
0
-26
-6
-6
5
11
-15
36
3
37
29
21
27
-18
40
-8
39
72
8
24
36
66
8
30
0
58
4
15
38
0
0
0
0
-40
-67
-55
20
11
-17
-14
-21
-34
-35
-33
-58
-44
-33
-35
-73
-46
-43
-8
-46
-51
-23
-14
-44
-2
34
-7
-9
0
0
0
0
42
15
6
-10
-17
63
61
22
-39
3
63
24
-5
15
0
73
42
-8
-1
23
26
34
4
-6
-22
63
6
34
0
0
0
0
45
2
45
14
-6
1
-3
-6
-22
19
2
7
5
9
10
-1
-27
17
50
34
30
50
22
0
20
44
23
-14
0
0
0
0
14
9
19
23
47
23
-7
39
22
9
-33
-47
3
11
-4
0
-15
0
28
11
-32
-17
28
26
5
32
29
18
0
0
0
0
-75
-45
-22
-28
12
1
-38
-44
-20
-21
-14
-6
-24
-46
-28
-43
-19
-23
-5
-8
-21
-40
-33
28
-24
-52
-18
-2
0
0
0
0
27
1
-4
28
-9
62
-6
-11
-6
9
-8
-3
-20
10
38
-12
-25
27
40
5
34
29
-13
-25
38
63
18
49
0
0
0
0
-12
33
17
-23
18
35
31
12
16
25
32
23
16
20
53
54
56
42
28
29
26
4
4
59
24
1
1
27
0
0
0
0
-8
-26
-26
-39
-11
23
34
42
13
-12
-20
-13
-62
-26
-9
0
-29
11
-6
22
8
-2
1
-48
-2
13
83
38
0
0
0
0
-76
-22
-33
11
11
-35
-28
-23
15
-14
-39
-29
-1
-3
-27
-28
-7
-20
-53
-55
-33
-47
-39
-23
-13
-10
-14
-25
0
0
0
0
-2
10
14
-28
55
16
10
39
17
-20
-28
14
42
-9
20
31
38
33
50
-7
-4
-25
28
70
9
13
71
20
0
0
0
0
13
1
1
55
26
2
3
29
15
-3
-6
12
26
34
3
-3
-5
-17
-4
-38
-5
-3
17
-9
42
50
-11
-17
0
0
0
0
-3
-19
-33
-56
-5
51
50
-1
-29
20
-4
-10
2
-4
-1
35
2
-27
-2
8
30
0
-55
-61
-56
21
7
62
0
0
0
0
-32
-32
-5
23
-54
-43
-46
-50
-34
34
48
-1
-15
-17
-49
-34
-33
-12
15
16
-14
-8
12
-34
-39
-36
-29
9
0
0
0
0
3
-24
20
46
32
-28
88
9
11
-8
-3
-37
39
15
18
26
41
-14
-27
-31
19
23
-11
-15
15
86
15
42
0
0
0
0
20
12
28
-1
20
17
10
-21
18
23
24
30
40
15
33
26
31
37
31
38
38
39
43
42
20
16
8
17
0
0
0
0
-34
-51
-5
24
16
62
-9
0
-29
-20
-26
-48
-31
27
24
-15
2
50
25
6
23
24
-41
-36
15
16
46
57
0
0
0
0
-18
-4
-3
-25
-51
-14
-23
25
16
-17
0
32
-22
-18
-5
-18
-37
-9
-13
8
-13
9
-10
3
-10
-49
-27
-18
0
0
0
0
-8
8
34
50
11
-9
-7
-26
-4
15
14
45
0
23
2
3
3
21
34
62
47
11
-4
15
-8
26
5
46
0
0
0
0
19
38
28
49
34
27
25
33
38
18
6
33
33
23
17
32
21
6
-2
17
14
-2
5
9
20
30
-4
-9
0
0
0
0
-38
-36
-16
26
71
-8
28
34
9
-44
-6
28
-3
-4
21
24
28
31
64
39
36
-29
55
57
-8
45
54
43
0
0
0
0
-25
-9
-47
-46
-22
-21
-35
-12
-23
10
-33
-68
-52
-49
-67
-35
-23
-45
-45
-40
-40
-54
-61
-42
-26
-28
3
2
0
0
0
0
14
50
-1
29
30
-31
0
69
2
5
22
25
15
15
14
55
56
34
13
30
-6
-1
48
17
5
-3
67
40
0
0
0
0
31
12
34
24
-10
0
-3
-30
-14
52
17
-3
35
10
-14
17
2
10
5
23
-2
29
32
15
41
5
4
10
0
0
0
0
-45
-70
11
42
-21
-20
22
-23
-4
9
-11
-16
51
2
44
26
24
-17
-18
15
40
18
-46
-6
41
60
15
36
0
0
0
0
-35
-61
-33
-39
-23
-4
1
2
-21
-43
-31
-24
-22
-17
21
-39
-51
-16
-10
-40
-43
-3
-13
-16
-34
-5
-15
-5
0
0
0
0
-13
27
41
19
-8
-17
-42
21
2
13
56
45
-5
8
3
-1
4
22
2
-23
42
8
29
-21
13
42
37
9
0
0
0
0
34
52
14
-5
4
3
31
66
22
30
67
53
12
39
48
10
37
35
54
18
29
32
38
33
18
30
-9
-6
0
0
0
0
-34
-18
35
34
24
-8
-57
-70
-48
-24
29
27
-17
44
33
57
37
40
8
40
27
12
34
2
-10
14
46
65
0
0
0
0
-33
-47
-40
-39
-12
28
36
-9
25
-12
-62
-42
-24
-39
-60
-30
-45
-72
-26
-22
-32
-69
-82
-50
-52
-44
-41
-7
0
0
0
0
26
10
53
-37
-36
46
32
-14
25
21
10
18
16
34
61
3
13
39
55
-4
-36
27
45
59
43
-3
35
39
0
0
0
0
20
50
13
-4
34
15
17
15
36
28
1
-10
1
-11
-3
27
-4
-21
-21
-4
10
-14
-36
7
-1
8
0
-16
0
0
0
0
-45
-22
6
85
26
-20
18
29
-23
1
6
6
14
-6
9
26
24
-9
32
11
-19
5
9
10
-25
16
62
4
0
0
0
0
-40
-41
-73
9
23
-13
-10
-13
-65
-38
-32
-75
-39
5
-9
-24
9
1
-35
7
11
1
-13
-22
-19
12
4
27
0
0
0
0
39
4
-41
8
80
25
20
37
-2
-13
13
24
-21
1
23
-5
18
-6
-19
33
-18
-13
15
-2
-33
60
58
33
0
0
0
0
9
10
11
18
27
20
15
25
-7
6
31
21
35
43
50
10
50
36
34
22
28
74
72
41
32
50
15
15
0
0
0
0
-46
-15
-24
-31
-35
-45
0
41
-2
38
41
-15
-39
15
-15
-34
-16
-7
-31
-7
-2
-46
-13
-17
22
46
53
29
0
0
0
0
-58
-19
5
1
-17
-4
-37
-17
-10
3
18
38
7
-33
-23
-28
-35
-17
3
-12
0
-27
-21
-27
-38
-55
-60
-27
0
0
0
0
-14
-19
34
14
20
17
39
-3
-8
9
-16
-9
29
23
5
29
32
34
-32
1
43
37
8
33
30
95
39
23
0
0
0
0
15
36
40
4
7
40
36
29
56
7
5
36
15
3
-32
20
-19
-4
10
27
-5
1
-2
7
9
-14
-19
-19
0
0
0
0
-14
5
4
-74
-21
19
8
-10
22
-6
50
26
-11
3
33
-3
13
21
-3
-58
-30
-8
-4
16
3
34
83
38
0
0
0
0
-32
-42
-36
-5
-39
-48
-80
-45
-13
-21
-39
-60
-38
-8
-17
5
-39
-20
9
-8
-2
15
-44
-33
-18
-43
-11
1
0
0
0
0
41
51
0
-30
-25
50
30
39
54
21
4
50
41
5
-21
-27
1
27
105
-46
-10
23
-5
14
23
-1
21
73
0
0
0
0
25
17
-10
30
37
16
14
10
-12
5
-6
-40
18
11
23
16
39
17
10
18
34
17
7
42
37
30
23
19
0
0
0
0
22
-45
-14
33
58
29
14
15
-3
20
42
19
-29
-7
-23
12
-1
-5
-13
20
-24
17
6
-44
-11
35
80
21
0
0
0
0
-57
-14
-17
14
-8
-17
-31
-22
-55
-21
13
31
-8
-13
30
-4
17
-19
-40
27
-2
-35
0
-31
-55
-35
-42
-23
0
0
0
0
28
-23
-43
74
15
-28
10
5
26
16
-21
9
26
-11
4
19
30
5
2
13
9
17
22
-13
-17
67
50
48
0
0
0
0
-5
34
26
19
17
22
23
16
36
52
69
88
50
32
35
48
38
43
32
25
23
23
37
25
28
3
-27
-2
0
0
0
0
-35
-41
-5
-14
16
9
50
-11
30
-11
4
6
49
48
36
16
46
8
-10
47
54
60
67
28
28
60
40
52
0
0
0
0
-81
-46
-21
-21
-19
-24
-52
-39
-6
-27
-50
-52
-41
-49
-50
-51
-46
-14
-35
-37
-38
-41
-50
-2
-12
-19
9
-18
0
0
0
0
-40
53
46
25
18
5
-13
8
18
38
44
44
68
-9
29
27
11
37
-2
32
51
12
-5
75
-12
16
4
6
0
0
0
0
29
25
33
33
19
7
-12
30
41
-18
-12
-39
-3
-7
1
7
-14
19
17
10
38
28
-2
31
10
22
8
-12
0
0
0
0
13
-18
-2
-30
23
13
-28
17
5
-21
-35
62
23
10
-23
-17
-32
48
26
-40
52
15
-9
36
10
15
93
59
0
0
0
0
-21
-34
-35
-49
-42
-3
24
26
-45
-10
-8
-52
-66
-20
2
3
-19
-43
-15
-13
-39
-24
-32
-54
-7
-24
-23
9
0
0
0
0
-14
-41
-48
-28
-14
-33
-25
-49
7
-24
-29
2
-5
-31
-43
-18
-6
-31
-29
-51
-42
-46
-37
-21
-13
-30
3
-22
0
0
0
0
-29
-31
-12
-39
-12
6
-2
-16
-7
7
-15
-21
-37
-27
-25
-4
-27
-8
-16
-14
16
-7
-12
-12
-4
-27
-8
-11
0
0
0
0
-21
-52
-40
-27
-3
-56
-24
-30
-26
-31
3
15
1
10
2
-3
-20
-23
-34
-7
-7
1
9
-23
-18
-15
-10
-6
0
0
0
0
12
24
-6
29
1
-25
-14
42
15
3
-1
-20
3
65
-2
-37
-26
58
23
11
-9
40
34
-2
5
29
15
47
0
0
0
0
-17
18
8
36
-5
35
61
23
-9
-9
14
-7
56
11
27
30
27
1
38
26
15
27
-6
10
12
43
45
29
0
0
0
0
12
47
-19
18
20
6
-3
-14
21
32
53
17
30
-12
9
8
31
14
44
30
-43
-10
8
18
28
40
17
5
0
0
0
0
37
42
17
16
1
35
7
47
58
41
-21
-40
-9
30
12
33
34
49
10
-11
26
41
23
36
2
9
27
3
0
0
0
0
7
25
3
10
14
27
66
21
-6
44
49
45
17
58
45
27
51
-8
11
52
-3
17
30
-5
25
15
-21
16
0
0
0
0
-4
21
-11
4
-10
-25
-42
-3
-5
0
-6
7
9
-16
-22
-34
1
14
-3
-20
-8
-25
-11
3
-8
10
17
-28
0
0
0
0
29
24
41
-11
21
31
52
18
-3
31
14
-35
-13
-4
25
29
5
11
29
16
6
31
3
7
26
3
-9
21
0
0
0
0
18
4
-20
16
0
1
-13
14
28
-7
22
44
34
31
18
42
19
5
5
-13
0
-6
25
19
3
-5
7
-25
0
0
0
0
-44
-71
15
66
-8
-18
11
-52
2
-44
8
-7
3
-45
-21
-31
2
-26
2
-4
-5
2
-33
-67
-12
28
18
52
0
0
0
0
-19
4
1
-15
7
-10
-34
-3
15
10
1
51
-10
-1
20
14
2
35
-3
35
18
-17
11
25
-62
-4
-12
-1
0
0
0
0
20
24
21
74
10
12
23
52
32
43
1
-5
53
54
15
-31
46
53
36
35
41
86
43
22
49
46
45
60
0
0
0
0
29
39
79
54
60
92
99
62
72
70
73
84
99
43
69
83
59
84
87
70
63
61
32
67
62
111
89
75
0
0
0
0
