-27
-26
41
16
36
-7
53
36
29
21
12
26
41
6
27
-15
-4
34
-1
50
61
32
2
23
20
-14
15
-9
0
0
0
0
3
-11
3
-22
18
1
-59
-4
-14
9
47
2
-3
-1
-27
7
-6
-8
-1
-2
-22
10
10
-43
12
9
11
41
0
0
0
0
-53
-44
-25
-58
-68
-35
-52
-55
-74
-68
-64
-27
-41
-33
-51
-42
-41
-60
-37
-38
-55
-56
-43
-49
-56
-50
-38
0
0
0
0
0
-21
7
-12
-68
5
-29
-9
-24
-45
-40
-4
-19
-24
-43
-21
-32
-10
-43
-24
2
-39
-24
-20
-2
-7
-31
-16
-5
0
0
0
0
-24
-24
-9
-16
64
47
24
42
-30
10
-16
5
-4
10
1
22
-5
23
3
6
31
15
35
-29
-25
-6
0
20
0
0
0
0
20
45
8
-21
23
4
15
-35
-20
-51
25
6
-21
-11
-2
-43
5
47
13
16
4
-8
-13
2
-23
-12
52
20
0
0
0
0
-49
-37
-72
-86
-46
-35
-74
-52
-58
-22
-48
-32
-52
-85
-32
-65
-65
-34
-33
-52
-55
-19
-29
-19
-64
-61
-28
-14
0
0
0
0
-17
11
-4
-42
-46
-56
1
-48
-7
18
19
16
9
-39
-21
-20
-20
-19
-48
9
-9
-44
-11
20
13
-54
20
8
0
0
0
0
2
21
79
31
-28
32
58
58
37
17
25
37
75
51
35
34
38
50
45
61
30
24
19
56
37
11
52
28
0
0
0
0
-62
2
-39
-2
66
-22
-26
-36
-20
1
-17
-18
-15
-21
-26
4
-40
7
-16
-40
-10
-48
-29
-64
-29
-32
42
62
0
0
0
0
-74
-70
-81
-73
-61
-44
-55
-66
-46
-75
-27
-60
-33
-62
-64
-71
-93
-59
-64
-43
-70
-57
-53
-75
-46
-67
-39
12
0
0
0
0
27
46
30
8
29
-22
9
-48
-21
-50
27
-10
21
-22
-20
29
9
47
29
39
-7
-11
41
-15
20
-14
43
44
0
0
0
0
-9
-12
41
-26
62
36
70
-2
60
57
92
27
46
-18
19
20
-31
58
37
7
-14
18
72
30
32
20
81
38
0
0
0
0
5
-45
-87
-5
-48
-14
-34
-76
-39
-8
-12
-60
-34
-40
-44
-56
-5
-25
-5
-28
-44
-4
-40
-13
-85
-68
13
-10
0
0
0
0
-38
-55
-57
-36
-31
-63
-81
-82
-43
-45
-37
-39
-48
-2
-38
-29
-50
-29
-33
-31
34
3
-20
-39
-32
-17
1
-12
0
0
0
0
-14
93
47
51
78
16
33
-18
38
10
48
32
59
15
26
21
10
10
43
-11
-10
-12
-22
-6
19
41
72
62
0
0
0
0
-11
24
30
78
-20
14
2
13
10
27
37
64
8
14
16
46
3
27
56
18
17
6
29
39
55
26
0
52
0
0
0
0
-33
-15
-78
-4
-12
-31
-11
-35
-18
-39
-39
-99
-34
-43
-19
-38
-103
-46
-43
-25
-32
-13
4
-61
-76
-19
4
-14
0
0
0
0
-43
-30
-85
-73
-21
9
-38
-27
-67
-35
-17
1
-75
-41
-51
-54
-20
-63
-21
-84
-52
-56
-43
-35
-76
-36
-41
32
0
0
0
0
10
90
11
56
55
90
38
-18
34
35
55
12
33
36
25
13
98
79
62
69
25
48
-8
-2
-13
36
45
58
0
0
0
0
25
14
12
47
60
59
6
-68
32
10
70
30
23
34
25
51
11
5
58
37
46
35
38
-11
-30
17
76
78
0
0
0
0
-35
-59
-69
-61
-93
-25
-61
-40
-14
12
1
-57
-80
-41
-47
-22
-9
-67
-46
-55
-43
-5
-28
-35
-61
-5
-9
-14
0
0
0
0
-48
-79
-28
-11
-34
-78
-27
-34
-11
-42
-51
-62
-44
-35
6
-44
17
-37
-73
-10
-23
-1
-51
-5
-17
-34
-5
-5
0
0
0
0
19
66
72
77
91
112
80
-6
37
44
66
-11
15
-8
43
-5
6
35
35
45
40
30
28
38
19
-28
64
61
0
0
0
0
-18
-9
-8
-16
43
32
86
40
25
46
53
60
24
-61
26
28
40
41
49
6
-15
4
1
13
-3
27
58
76
0
0
0
0
-42
-38
-52
-58
-106
-62
-80
-76
-10
-46
-3
-38
-47
-22
-71
-81
-48
-70
-54
-27
-38
-70
-37
-13
-26
-56
-6
-13
0
0
0
0
-8
-26
2
-16
-33
-44
-56
-19
-49
-5
-36
-50
-5
-20
-44
-29
-66
1
-53
-58
-31
-39
4
-53
-47
-50
-16
15
0
0
0
0
-11
66
2
47
42
79
21
69
75
42
70
41
26
4
69
59
47
24
18
56
32
28
56
13
-10
-1
46
46
0
0
0
0
5
-2
-35
71
67
51
10
29
-12
6
35
11
0
12
14
62
41
39
27
89
47
78
54
62
36
-24
71
22
0
0
0
0
-55
-31
-40
-30
-48
-108
-76
-25
-32
-18
-115
-41
-45
-99
17
-42
-35
-57
-100
-65
-75
-10
-37
-46
-6
-9
0
21
0
0
0
0
-71
-28
-22
9
-60
-45
-46
-3
12
-15
-34
-24
-25
-32
-51
-65
-57
-38
-25
-45
-48
-44
-46
-27
-9
15
5
-32
0
0
0
0
5
42
28
43
28
16
79
44
77
68
90
45
34
-1
13
-28
5
46
11
18
28
75
30
2
34
27
58
18
0
0
0
0
3
12
9
44
53
-41
22
18
56
35
47
9
38
6
-9
4
10
14
10
-6
10
14
41
22
39
21
14
42
0
0
0
0
-2
-9
-5
-54
-42
-82
-100
-19
-39
-69
-47
-56
21
-35
-55
-5
-2
-28
-41
-32
-80
-24
-64
-56
-93
-41
34
-8
0
0
0
0
-56
-48
-11
-30
16
-34
1
-63
-6
-17
-8
-49
-56
-7
-28
-11
12
-48
-36
-43
-7
-36
-28
-31
-45
-32
-32
-12
0
0
0
0
-25
11
34
29
9
37
47
46
64
56
50
-29
42
12
65
49
27
20
6
22
-7
77
15
66
19
30
45
29
0
0
0
0
-32
-1
-1
36
47
14
-38
47
61
79
3
-24
40
52
48
17
35
59
33
54
-4
57
9
59
39
36
86
4
0
0
0
0
-31
21
-50
-1
-63
-40
-26
-42
-55
-36
-83
-56
-56
-28
-30
-59
-28
-52
-28
-35
-14
-14
-38
-58
-41
2
-29
32
0
0
0
0
-54
-33
-4
-13
-68
-35
-52
-10
-45
1
-35
-27
-23
-75
-97
-89
-60
-33
-36
-27
-76
-51
-58
-37
-47
-50
-31
32
0
0
0
0
-17
59
41
66
-10
8
-24
51
43
102
37
72
63
41
64
35
43
49
44
74
14
61
-1
54
24
11
46
70
0
0
0
0
-6
8
34
30
66
14
-2
10
38
53
28
-2
-19
32
6
-12
19
11
7
29
27
15
18
0
16
-1
67
44
0
0
0
0
8
-4
-13
-52
-30
-22
-34
1
-60
-23
-69
-61
-80
-82
-51
-10
-21
-75
-17
-76
-63
-43
-44
-11
-60
-41
10
-29
0
0
0
0
-54
-54
-41
-63
-44
-17
-11
11
-2
-60
-18
2
-35
-46
-40
27
3
-24
-38
-33
-32
-29
21
-34
-52
-44
1
25
0
0
0
0
1
54
35
70
30
6
11
67
64
28
7
37
33
60
55
28
92
37
44
20
41
55
46
54
26
48
40
39
0
0
0
0
-28
3
42
13
-14
4
-3
7
15
46
39
-30
15
12
17
7
70
42
51
60
55
14
-1
29
36
39
13
82
0
0
0
0
-26
-1
-36
-52
-43
-46
-66
-38
0
-67
-49
-41
-56
-47
-63
-109
-51
-51
-63
-57
-14
-42
-54
-97
-44
-63
8
25
0
0
0
0
-42
11
-18
-13
-23
-21
0
-4
-52
-31
-35
15
-1
-51
-47
-57
-28
-39
-53
-57
-36
-20
-26
-37
-57
-14
-47
7
0
0
0
0
27
87
70
62
28
24
31
41
24
16
6
3
25
-20
58
39
65
36
29
-10
52
56
66
28
31
23
63
42
0
0
0
0
8
13
33
6
18
55
22
57
40
11
11
43
-9
25
56
51
50
52
-1
16
16
37
58
17
6
5
98
55
0
0
0
0
-17
-25
-53
-82
-60
-30
3
-50
-32
-33
-67
-43
-61
-55
-35
-62
-30
-29
-69
-114
-53
-60
-40
-56
-77
-28
-31
-1
0
0
0
0
-36
-59
-30
-34
-23
-17
-35
-42
-23
-13
-18
-68
-35
-23
-41
-47
-66
-16
43
-18
-38
-30
-37
-38
1
-43
2
-25
0
0
0
0
20
62
56
-9
32
-1
42
17
71
14
0
11
42
-2
-10
16
60
11
28
51
37
10
12
41
-16
-11
80
56
0
0
0
0
-33
47
49
13
9
19
87
32
2
-40
-9
18
27
-7
4
-6
31
-4
19
6
43
14
55
52
20
48
53
51
0
0
0
0
-45
-37
-49
-29
-42
-22
-18
-20
-13
-64
-27
-31
-53
-51
-50
-36
-43
-16
-43
-26
-47
-53
-82
-8
-65
-19
36
-1
0
0
0
0
-31
-37
-56
-44
23
-19
-6
-36
18
-28
-12
-36
-42
-55
-10
-32
-33
-46
-17
-33
-33
-76
-59
-28
-53
-32
-46
37
0
0
0
0
5
55
18
44
-23
14
54
28
34
24
17
-4
-8
43
37
17
45
54
32
-15
-27
45
18
16
-20
35
4
45
0
0
0
0
15
-20
10
27
-30
64
76
10
32
27
22
-41
16
31
43
60
29
41
66
38
6
40
20
-13
20
50
64
80
0
0
0
0
-42
-31
-70
19
-52
-25
-66
-32
-51
-50
-28
18
-35
-11
-64
-47
-50
-53
-24
-7
8
-54
-38
-35
-43
-37
-15
13
0
0
0
0
-36
-71
-56
7
-23
-46
-77
-37
-44
-32
-68
-42
-38
-45
-90
-73
-70
-39
-72
-29
-38
-28
-92
-82
-52
-21
-45
-26
0
0
0
0
-3
61
11
55
17
99
20
64
24
3
7
30
-34
42
36
60
17
62
57
76
32
37
38
52
54
31
87
41
0
0
0
0
-22
-2
18
42
28
41
18
15
1
8
23
44
1
57
23
27
4
22
16
46
32
0
-28
1
8
25
55
39
0
0
0
0
4
-42
3
-10
-60
-38
-31
-20
-79
-98
-40
-48
-29
-43
-18
-8
-16
-31
-38
-61
-93
-28
-17
-23
-10
0
-1
-13
0
0
0
0
-50
-51
-45
-39
-27
-2
-34
-28
-22
-27
-58
-20
-41
-36
-37
-28
-21
31
-14
-31
-44
-26
-10
-41
-28
-85
-1
30
0
0
0
0
-13
44
7
36
34
59
-21
44
36
33
11
35
45
7
6
35
51
52
52
44
75
40
25
39
50
19
68
44
0
0
0
0
16
18
-28
78
43
-18
-10
39
1
40
21
4
48
28
20
51
58
26
25
41
22
62
38
7
15
46
71
9
0
0
0
0
-43
-18
-7
-42
-10
-28
-79
-41
-19
-84
-46
4
-55
-76
-70
-70
-43
-55
-35
-48
-46
-73
-61
-42
-94
-34
30
5
0
0
0
0
-86
-43
-24
-9
-2
-32
-26
16
-17
-54
-63
-44
-10
-46
-37
-47
-43
-78
-16
-24
-29
-98
-63
-9
-30
-51
-20
10
0
0
0
0
2
11
33
47
32
44
3
-4
0
-18
-14
24
82
76
57
62
75
75
48
27
20
70
76
84
54
77
79
51
0
0
0
0
-19
-14
47
18
60
40
19
38
46
22
57
34
38
23
-8
-5
42
66
7
2
47
39
2
10
29
25
47
61
0
0
0
0
-24
-30
-31
-59
-55
-72
-12
-45
-46
1
-72
-80
19
-25
-74
-61
-77
-52
-35
-58
-115
-60
-71
-33
-86
-77
-13
-6
0
0
0
0
-42
-42
-7
-10
-53
-86
-27
-63
-55
-29
-25
-55
-39
-6
-12
-13
-28
-20
4
23
-7
-18
-11
-9
-26
-11
-17
16
0
0
0
0
-1
21
102
84
40
-2
16
-2
16
15
18
27
65
13
38
29
44
38
90
75
-3
39
8
68
43
53
42
73
0
0
0
0
-48
-10
27
35
68
-1
-38
8
31
-1
3
24
9
50
21
19
20
-19
22
-1
-16
-10
2
65
24
9
69
35
0
0
0
0
-18
0
-24
-47
-75
-86
-31
4
-46
-24
-5
-76
-82
-21
-27
-70
-44
-37
-24
-63
-57
-98
-59
-92
-74
0
-33
30
0
0
0
0
-40
-5
-16
-49
-48
-9
6
-28
-55
-54
-22
-6
-56
-27
31
-27
-20
-14
12
-17
-27
-23
-29
-23
-62
-45
-34
9
0
0
0
0
-23
69
34
17
61
16
8
43
11
16
1
26
48
55
-1
37
23
22
12
36
23
-7
9
91
31
21
41
64
0
0
0
0
-6
10
37
84
48
-13
16
30
12
2
71
41
28
30
54
31
50
28
23
79
39
15
33
30
36
47
51
52
0
0
0
0
-18
11
-29
-39
-34
-33
-44
-55
-19
-44
-49
-5
-57
-49
-81
-37
-69
-27
-37
-65
-11
-44
-19
-48
-77
-55
-6
5
0
0
0
0
-52
-45
-42
-50
-18
-47
-67
-40
-36
-48
-47
-91
-49
-28
-46
-11
-60
-38
-57
-4
-45
-46
-48
-57
-39
-37
11
5
0
0
0
0
2
45
25
23
-18
1
31
36
44
49
58
-3
30
20
25
23
16
34
57
-21
1
-30
3
2
45
58
69
83
0
0
0
0
-16
7
66
-8
23
63
47
54
55
-20
20
40
-35
-14
38
19
20
41
2
15
34
-22
3
22
24
13
50
63
0
0
0
0
6
-7
-74
-64
-62
-29
-25
7
-44
-25
-40
-55
12
-35
-14
-75
-36
-22
-6
-46
-64
-40
4
-49
-12
-50
-23
4
0
0
0
0
-36
-43
-52
-44
-65
-37
-38
-36
-27
13
-2
-19
-12
26
-14
-52
-31
-36
-7
-57
-38
-26
4
-44
-51
-31
-29
-8
0
0
0
0
19
75
71
62
-11
26
-4
23
42
36
10
52
19
33
50
12
-40
-2
49
12
-3
-4
38
-9
38
6
50
60
0
0
0
0
-14
0
21
-6
-19
70
4
60
30
-12
7
80
6
48
18
44
5
55
44
6
35
23
34
37
69
14
111
75
0
0
0
0
-26
-47
-7
-35
-44
-46
-109
-72
-14
-58
-86
-31
-61
-19
12
-13
-62
1
-44
-20
-31
-17
-7
-52
-53
-3
17
7
0
0
0
0
-42
-37
-43
-24
-41
-32
-40
-51
-17
-12
-80
-66
-58
-67
-56
-62
-66
-55
-30
-58
-74
-63
-85
-56
-36
-38
-12
5
0
0
0
0
28
75
34
25
21
43
67
95
55
77
68
17
46
57
24
28
41
65
18
82
10
-8
55
32
29
33
73
62
0
0
0
0
46
1
25
36
-20
-2
45
4
68
57
59
40
22
-6
65
-13
35
14
27
37
-9
7
57
-15
-16
29
29
70
0
0
0
0
-13
-42
0
-8
-30
4
-37
-45
-75
-51
-103
-31
-24
-64
-49
-43
-46
-51
-32
-62
-50
-34
-47
14
-54
-79
-11
-23
0
0
0
0
-66
-59
-60
-14
40
-14
-45
-59
-51
-30
7
-56
-9
-31
-9
-30
-31
-48
-69
-14
5
-30
-35
-10
-36
1
-24
14
0
0
0
0
26
58
63
-5
47
18
-5
25
8
29
26
37
53
98
70
47
20
47
39
60
50
62
58
71
47
52
89
51
0
0
0
0
-16
31
50
19
6
58
-1
19
14
21
-69
37
32
20
19
17
11
37
20
26
59
27
9
40
4
-8
42
55
0
0
0
0
-45
-60
-96
-59
-49
-104
-8
-18
-48
-42
-65
-64
-67
-29
-70
-124
-30
-50
-49
-15
-89
-86
-32
-88
-49
-16
-35
12
0
0
0
0
-39
-59
-38
-32
-37
-39
-54
-23
-17
-5
-16
14
-63
-20
-58
-1
-34
-8
-30
-32
-41
-28
-27
-7
-15
-14
-11
-13
0
0
0
0
37
54
82
89
53
67
37
4
3
52
12
9
-5
40
29
13
15
-2
69
14
-2
49
54
24
71
6
41
34
0
0
0
0
20
-41
-21
35
61
51
17
10
18
69
56
57
70
78
48
-2
11
63
47
33
36
63
38
26
33
31
46
87
0
0
0
0
-12
-19
52
53
6
-3
18
-1
35
24
-21
26
22
-26
17
25
22
12
51
2
29
17
20
27
46
42
43
40
0
0
0
0
15
24
-18
45
50
40
-1
45
39
48
10
2
27
35
56
24
-3
25
47
27
7
-3
8
-3
19
12
42
28
0
0
0
0
-3
-36
30
-5
-9
-46
18
5
12
29
22
4
22
31
-12
26
-8
39
-3
13
20
15
-6
3
-11
11
11
16
0
0
0
0
-52
-13
-18
-71
-57
-26
-82
-59
-36
-38
-50
-75
-47
-74
-33
-31
-75
-39
-39
-96
-25
-52
-75
-15
-69
-46
8
-25
0
0
0
0
7
-31
-11
2
-26
-51
-7
-24
1
19
-2
-20
-7
-15
-93
-33
-20
-29
38
-16
-99
-1
-56
-45
14
-8
0
33
0
0
0
0
-25
2
-47
-37
-37
-54
-31
-18
21
-4
-48
-8
-1
20
-20
-7
-6
5
-18
12
27
-34
6
-23
-61
19
41
-9
0
0
0
0
-39
6
-8
-64
-6
-42
-33
-51
-56
-55
-6
-44
-18
-51
-16
-29
-68
8
-33
-64
-30
-24
-42
3
-23
-7
18
-19
0
0
0
0
-41
-32
-26
11
-44
-39
-35
-22
-17
-60
-73
-80
-30
-41
-3
-56
-21
-67
-4
-12
-14
-10
-46
-53
2
-11
4
21
0
0
0
0
-48
-30
-30
-33
-22
-52
-4
-46
-66
-13
16
8
-16
-36
-13
-28
-26
-31
-46
0
-25
-50
-32
-41
-55
-25
-22
-2
0
0
0
0
-46
-29
-20
-45
-73
-35
-74
-41
-44
-55
-44
-56
-52
-69
-95
-44
-67
-16
-36
-46
-18
-39
-48
-25
-56
-54
-3
-32
0
0
0
0
14
-10
5
-16
11
11
27
-36
-9
-11
1
-14
-20
25
4
-1
-10
-11
2
3
-17
10
10
-29
-2
3
-13
44
0
0
0
0
-7
1
22
-6
52
0
17
23
50
5
-1
13
30
9
36
23
27
5
23
39
4
2
9
36
7
-7
39
27
0
0
0
0
3
39
64
46
68
17
12
41
15
5
-8
19
12
49
24
21
33
30
14
56
62
4
44
32
31
16
52
-1
0
0
0
0
25
52
125
58
88
70
93
85
106
120
118
77
33
83
29
79
42
97
103
75
64
64
58
76
113
75
87
66
0
0
0
0
41
58
79
60
89
31
103
85
101
80
95
74
78
111
91
99
88
100
106
95
84
59
81
52
75
86
106
80
0
0
0
0
