43
32
20
24
17
29
21
8
28
48
4
12
-5
-1
46
16
13
24
25
-4
1
4
4
41
6
28
41
-12
0
0
0
0
40
22
15
-47
-12
9
0
17
20
23
1
-2
-1
-33
10
19
-9
8
-2
-7
-16
7
27
26
8
-32
-14
-16
0
0
0
0
6
23
-46
-29
-58
-17
-36
-47
-11
32
2
18
-38
-35
-5
-19
-20
-42
-32
-34
-39
-26
-5
31
-28
12
5
-20
0
0
0
0
-18
-44
26
-17
19
5
38
17
39
-37
-20
-17
38
7
15
-3
9
13
-16
14
29
34
20
-10
5
-33
-22
-21
0
0
0
0
48
24
40
8
5
-12
-17
19
18
37
21
19
13
29
10
54
37
12
0
0
-26
-11
27
-6
36
52
-14
-17
0
0
0
0
52
25
54
14
-15
-10
-13
23
4
-18
5
-13
2
16
8
27
10
11
5
10
-5
-12
1
8
47
-3
-16
9
0
0
0
0
38
1
13
-29
-46
-41
-41
-16
-15
-11
-34
-27
-10
-23
-36
1
10
10
-18
-6
-28
-11
-16
-38
10
11
-27
-40
0
0
0
0
11
27
22
-15
3
21
51
58
25
16
22
36
30
16
35
21
0
19
30
-2
32
20
39
58
58
-24
-27
15
0
0
0
0
53
36
103
61
36
17
50
44
34
30
28
11
-9
35
46
28
23
12
29
40
52
40
34
78
58
29
20
2
0
0
0
0
54
58
10
-30
16
-6
-23
-28
-12
7
22
3
-7
0
-10
38
-11
20
1
-20
-29
-44
-5
-9
25
-19
2
-5
0
0
0
0
31
6
2
8
-6
7
-48
-42
-38
-8
-36
-25
-68
-25
11
-24
-27
-25
-41
-67
-19
-20
-24
11
-20
18
-3
-12
0
0
0
0
38
49
19
-16
20
26
14
38
88
58
27
30
44
29
32
41
40
53
28
36
9
13
48
39
52
16
20
-27
0
0
0
0
21
22
29
-1
78
0
28
35
42
23
31
35
59
8
48
55
34
-1
1
36
25
14
-3
-17
26
8
12
-14
0
0
0
0
15
24
2
-16
5
-29
-11
-23
-28
-29
-17
-27
-45
-17
-52
3
-3
-29
-22
-32
-35
-60
-36
-15
8
-29
-61
-24
0
0
0
0
30
25
0
-65
-51
-57
-62
-27
-29
-18
-47
-33
-11
-22
-34
42
0
-17
-31
-32
-71
-66
-45
-64
-14
-54
-68
-29
0
0
0
0
35
36
85
2
32
19
33
11
15
40
75
-6
7
5
41
32
14
33
33
-2
-16
24
40
56
71
14
33
21
0
0
0
0
45
59
38
20
-20
5
65
27
12
-13
-23
50
52
13
10
6
43
35
43
68
66
24
10
34
50
12
9
-8
0
0
0
0
38
26
-24
9
10
-12
-15
-75
-52
-22
-26
-49
-43
-9
2
1
-5
-13
-47
-6
-18
-4
-9
8
-45
-64
-29
-27
0
0
0
0
55
6
29
-22
0
-20
-33
-22
-9
-15
-67
-74
-81
-21
-26
-63
-42
-43
-18
-37
-12
-10
-23
-6
-32
4
-8
-55
0
0
0
0
39
73
20
57
38
24
-11
-14
-22
24
77
46
30
21
66
65
34
66
8
22
-25
-9
4
36
35
10
24
19
0
0
0
0
16
2
26
59
67
51
50
67
80
-23
-6
-29
49
58
31
57
5
29
4
-19
16
19
54
3
29
22
-1
-22
0
0
0
0
18
27
-7
-57
-47
-45
-4
-10
-25
-23
-18
-1
-2
-41
-53
-32
-44
-40
-26
-13
-32
-39
-33
-33
-46
-43
-63
-40
0
0
0
0
12
25
-21
-32
-32
-33
-22
-2
-27
-27
-31
-47
-53
-35
9
20
-32
-26
-49
-41
-75
-47
-25
-34
-17
-43
-54
-49
0
0
0
0
49
53
42
46
47
28
47
-4
2
15
86
65
13
4
-17
61
43
15
31
10
45
5
22
23
51
16
0
44
0
0
0
0
57
58
36
14
8
12
62
37
34
9
8
37
45
38
39
19
41
46
89
34
50
26
17
32
45
24
-39
-27
0
0
0
0
-12
-10
-51
-49
-26
0
-23
-29
-10
-31
-27
-65
-37
-13
-31
-36
-16
-12
-41
-19
-8
-9
-21
-16
-10
-31
-40
-57
0
0
0
0
56
6
27
-33
-68
-72
-40
-72
-35
-21
-43
10
-42
-21
-54
-76
-52
-67
-12
-22
7
-50
-66
-41
-21
-6
-52
-67
0
0
0
0
9
20
20
54
54
78
33
17
53
20
17
-7
30
21
27
26
63
60
24
35
31
32
37
54
-18
-25
7
14
0
0
0
0
41
66
10
12
36
63
18
15
51
33
7
6
44
82
26
30
26
11
4
69
65
40
22
36
36
16
28
-42
0
0
0
0
2
9
10
-38
-14
-41
-31
-47
-30
-52
-29
-49
-24
3
-19
-34
-42
-20
-31
-32
-44
-51
-20
-44
-1
-72
-64
-56
0
0
0
0
4
1
-37
-50
-24
-2
-15
-9
-11
-55
-61
-70
-37
-32
-23
5
-38
-28
-75
-86
-46
-50
-29
-21
-22
-39
-49
-39
0
0
0
0
24
15
33
58
63
-13
42
46
18
8
25
31
23
7
19
-3
-10
55
78
63
10
34
47
3
23
-14
-1
-14
0
0
0
0
52
50
10
-2
2
49
58
10
1
36
84
18
-4
11
68
38
-7
42
8
-11
2
28
59
0
30
34
23
5
0
0
0
0
-8
-3
8
-63
-22
-45
-53
-42
-14
-17
-32
-40
14
3
-1
-27
-36
-16
-31
8
-38
-34
-51
-21
2
-55
-26
-37
0
0
0
0
45
20
11
-20
-52
-68
-19
-32
-37
-48
-68
5
-21
-5
-23
-28
-36
-17
-13
-47
-28
-47
-33
-86
-50
-55
-49
-56
0
0
0
0
-16
0
2
26
55
38
33
34
69
31
26
-17
53
43
4
14
56
27
8
56
24
-3
-22
74
62
16
-34
-6
0
0
0
0
42
39
5
4
13
37
27
17
-17
-19
64
52
58
17
47
39
17
15
27
97
33
26
-2
50
4
12
34
-4
0
0
0
0
21
26
-6
-26
-14
-8
-27
-14
-21
-46
-28
-5
-30
2
-2
1
-11
-9
-57
-26
-44
-2
5
-31
-17
-62
-40
-43
0
0
0
0
46
26
-22
-87
-27
-22
-12
-19
-31
-57
-29
-41
8
8
-36
-5
-31
-48
-33
20
11
-16
-40
-11
-62
-33
-24
-56
0
0
0
0
-3
20
12
75
59
40
-20
21
50
56
31
-13
28
61
28
18
-8
51
24
29
0
37
44
11
63
12
-2
-39
0
0
0
0
26
13
11
11
4
22
71
18
-4
1
12
32
28
24
41
32
75
40
-18
-24
22
56
-19
21
42
54
-14
-8
0
0
0
0
27
36
12
-8
-52
-32
-25
-34
-78
-31
-34
-11
-23
-17
-16
-39
-77
-46
-36
-21
-8
-6
-21
-51
-24
-46
-73
-36
0
0
0
0
39
35
-24
-12
-38
-5
4
-18
-26
-38
-49
-36
-48
2
2
-26
-25
-6
-68
-68
-56
-37
-28
-49
11
-18
-66
-80
0
0
0
0
19
61
40
-6
30
13
-3
14
24
42
24
46
46
40
40
14
16
16
40
77
30
24
46
51
10
-54
14
5
0
0
0
0
17
4
27
37
41
47
10
24
1
15
41
14
76
53
44
39
29
26
75
53
1
25
58
67
39
35
23
8
0
0
0
0
39
7
-31
-61
-67
-21
-30
-13
-8
-17
-28
-17
-9
-38
-15
-3
-25
-22
-14
-32
-34
-33
-30
-40
-27
-74
-27
-31
0
0
0
0
48
1
-21
-56
-4
-18
-46
-41
-65
-48
-14
-36
-29
-19
-33
-35
-83
-98
-31
2
-27
-44
-26
-33
-72
-19
-22
-65
0
0
0
0
50
40
29
-1
-13
14
32
48
33
18
42
23
56
43
38
39
51
48
29
28
31
69
20
-10
41
-3
-1
7
0
0
0
0
16
-2
61
77
54
1
-7
34
25
19
28
79
47
33
63
27
26
18
33
47
40
46
50
34
61
12
0
-17
0
0
0
0
10
2
-6
-47
-27
-32
13
-22
-12
-37
-50
-28
-1
-12
-2
-43
-39
-34
-62
-74
-38
-40
-42
-29
-8
-51
-71
-40
0
0
0
0
9
-2
-14
-63
-72
-31
-31
-50
-13
-29
-28
-30
0
-27
-27
-47
-15
-24
-79
-77
-44
-41
-75
-73
-21
-59
-96
-56
0
0
0
0
43
47
25
-26
9
66
70
19
-6
24
0
8
10
53
51
17
-9
30
18
60
41
21
17
29
60
-8
3
39
0
0
0
0
16
68
60
33
57
-15
8
-20
12
33
15
23
46
26
11
28
74
29
8
-1
38
11
33
73
56
40
-6
-39
0
0
0
0
38
-6
-41
-25
-14
-47
-25
-32
-13
-22
-8
-22
-16
-16
4
-19
-33
-39
-15
-1
-24
13
-11
-15
-41
-37
-38
-54
0
0
0
0
30
-8
10
-55
-7
-27
-35
-38
-49
-32
-40
-38
-9
1
-17
-17
-37
-34
-34
-65
-58
-38
-14
-33
-43
-24
-36
-65
0
0
0
0
39
19
-26
7
23
23
35
67
15
-6
-10
29
15
1
76
57
-3
0
49
46
17
32
14
21
10
25
30
-13
0
0
0
0
49
35
4
52
6
2
4
5
51
78
82
30
16
14
32
20
2
30
45
29
18
45
47
-12
26
35
23
-10
0
0
0
0
-4
19
-10
-11
-13
-22
-27
-25
10
-25
-22
23
7
3
-17
-7
-1
-8
-53
-25
4
-17
-34
11
2
-71
-68
-48
0
0
0
0
13
16
5
-21
-33
-71
-37
-25
-36
-26
20
28
-5
-50
-19
-39
-35
-42
-15
15
3
5
-18
-13
-27
-45
-63
-56
0
0
0
0
-9
22
13
22
22
61
51
0
38
6
-19
18
58
64
43
63
57
30
-19
5
58
19
1
14
63
-6
-11
27
0
0
0
0
52
73
11
-19
-23
33
9
26
43
52
49
79
36
27
-13
38
15
4
-18
12
17
10
52
48
-2
-26
-23
-25
0
0
0
0
16
32
-23
9
-4
-45
-76
-38
-20
-21
-20
-16
-6
-8
-28
-36
-27
-51
-41
-33
-24
-14
14
0
-22
-50
-38
-62
0
0
0
0
28
35
1
-34
-53
-46
-27
-38
-10
-34
-69
-12
4
-6
-27
29
-12
-36
-56
-73
-24
-39
4
0
18
-9
-85
-85
0
0
0
0
29
19
24
76
48
22
-2
11
24
32
41
22
42
65
66
3
12
23
58
37
40
65
48
24
26
-3
-12
0
0
0
0
0
64
35
2
30
-9
41
65
50
19
53
30
-33
7
50
30
11
62
87
38
8
5
69
37
24
74
67
35
-6
0
0
0
0
20
17
17
-10
-55
-32
-50
-33
-11
-20
17
18
-28
-30
-30
-30
-41
-26
-17
-14
-28
-15
1
-12
0
-76
-76
-65
0
0
0
0
36
34
-8
-37
-57
-47
-34
-53
-46
-15
-12
-38
-37
-55
-32
-46
-21
-17
-21
-37
-38
-14
-6
-38
-29
-29
-21
-29
0
0
0
0
18
39
27
74
50
10
-36
3
56
43
44
68
43
29
40
66
22
6
-1
87
62
38
31
73
39
-36
-9
-28
0
0
0
0
51
30
29
-9
53
74
36
54
25
10
41
63
8
12
58
1
-32
2
32
54
42
31
42
57
45
13
10
-22
0
0
0
0
11
9
-13
-67
-29
-3
-33
-21
26
-18
-30
-34
-47
-62
-39
-33
-30
-48
-53
-53
-71
-54
-66
-10
-23
-85
-49
-55
0
0
0
0
43
23
-26
-41
-45
-50
-41
-27
-21
-36
-33
6
-2
-21
-35
-12
-68
-70
-54
-37
-42
-35
11
-34
-47
-70
-96
-107
0
0
0
0
17
23
30
64
24
-17
-22
0
34
65
71
15
26
14
19
25
63
32
-2
17
26
44
9
39
49
10
-9
-8
0
0
0
0
50
8
-4
-13
33
28
55
53
44
-10
-10
9
53
1
6
68
60
-2
9
29
32
64
4
56
43
60
42
-23
0
0
0
0
16
-2
-20
-46
-24
-27
-21
-24
-30
-9
-17
-30
-32
-16
-30
-29
-42
-27
-40
-28
-33
-13
-16
-12
-3
-46
-44
-44
0
0
0
0
42
-2
-24
-81
-64
-37
9
-20
-6
8
-27
-106
-38
-54
-69
-59
-7
-9
-53
-58
-64
-29
-78
-32
-13
-32
-32
-42
0
0
0
0
3
43
56
12
7
38
-13
17
15
40
53
76
-5
53
50
38
0
23
22
14
14
32
40
64
74
-29
-20
-30
0
0
0
0
25
44
20
43
43
39
23
12
10
17
32
57
45
47
17
15
84
62
28
15
58
66
28
17
-12
44
5
19
0
0
0
0
48
10
6
-38
-50
-14
25
-7
31
-18
-35
-16
-33
-52
-24
-23
-59
-29
0
-30
-21
-38
-12
-27
-18
-46
-71
-49
0
0
0
0
29
27
-31
-63
-2
-40
-69
-9
-61
-54
-8
26
-52
-15
-28
-69
-56
-47
-40
-50
-42
-14
11
-11
-43
-41
-54
-73
0
0
0
0
39
21
-9
25
40
34
72
55
72
21
56
-8
-18
-18
43
54
32
-13
28
37
19
3
25
41
45
27
32
-16
0
0
0
0
1
37
60
71
37
26
39
23
35
13
-9
9
37
35
19
-9
0
18
42
24
7
10
46
64
18
-19
-37
-13
0
0
0
0
40
4
-21
-47
-45
-2
9
-54
-30
-22
-61
-33
0
-39
-52
-10
-16
-22
-5
-22
1
-18
-14
-39
4
-51
-43
-4
0
0
0
0
29
9
-2
-35
-35
-34
13
-27
13
-28
-31
-48
-8
-58
-69
-34
-28
-45
-30
-37
-45
-32
-41
-10
-16
-20
-65
-84
0
0
0
0
27
27
8
-17
23
65
68
19
4
22
16
44
18
-9
19
58
33
8
-5
29
40
33
29
30
65
22
34
11
0
0
0
0
28
28
-8
8
9
14
-11
58
53
57
75
24
25
28
11
74
5
11
33
60
61
16
4
12
47
-2
6
0
0
0
0
0
45
18
-23
-4
-8
-36
-36
-49
-49
-17
-10
-8
9
7
7
-16
-18
-1
-10
-14
-10
-20
33
-11
-19
-45
-72
-44
0
0
0
0
38
23
-40
-75
-28
-26
-53
-36
-61
-35
-15
-22
-33
-7
-8
-7
6
-23
-8
-9
-5
4
4
-23
-31
-24
-37
-19
0
0
0
0
54
21
34
21
16
50
40
31
48
19
24
41
15
44
11
-1
-1
72
34
-3
33
26
46
22
46
-1
29
10
0
0
0
0
33
37
40
77
12
24
3
-22
12
2
41
21
39
29
37
8
48
46
-11
2
23
43
14
-11
25
23
-12
-25
0
0
0
0
40
-1
30
-22
-47
-39
-23
-36
-33
1
-70
-36
-31
-46
-47
-18
-57
-38
-10
-31
-23
-30
-32
-21
-34
-73
-85
-53
0
0
0
0
8
30
14
28
-10
-26
-40
-44
-28
-92
-72
-31
-3
-16
-49
-35
-31
-21
-36
-45
-34
-22
-7
0
-27
-42
-55
-74
0
0
0
0
73
15
50
-18
2
27
75
-3
27
40
38
70
40
4
20
73
12
11
46
54
48
30
40
14
27
-31
-2
25
0
0
0
0
19
66
55
26
29
89
45
56
44
71
18
52
16
20
45
32
21
66
63
36
9
14
22
62
59
31
14
-17
0
0
0
0
28
-8
-52
-23
-8
-22
-24
-22
-59
-40
-41
-44
-29
-4
5
-25
-26
-54
-26
-33
-39
-27
-13
-43
-36
-70
-69
-36
0
0
0
0
28
-1
-16
-78
-81
-47
-15
-4
-29
0
-24
-55
-55
-63
-67
-54
-71
-38
-17
-36
-48
-61
-76
-30
-42
-40
-57
-42
0
0
0
0
63
26
-14
80
67
13
8
5
-3
21
32
52
71
43
46
20
60
28
22
46
59
32
84
8
31
-13
-10
-4
0
0
0
0
70
13
-11
15
32
-10
45
65
22
30
50
21
20
52
84
75
70
28
8
55
32
41
77
9
22
61
15
-15
0
0
0
0
37
50
48
-9
16
74
43
5
8
-4
-10
7
3
-25
-10
23
34
-4
0
-33
20
7
12
49
55
-8
6
-32
0
0
0
0
22
-25
-27
25
17
9
10
21
11
35
13
23
-7
34
23
-15
2
-10
15
-12
-27
10
9
-31
11
-18
-10
-5
0
0
0
0
10
-20
27
-30
0
-22
22
2
-24
-13
-21
25
-12
-26
-8
47
4
-19
-30
7
30
4
16
26
-24
-38
-27
-28
0
0
0
0
-6
4
12
-12
-34
-45
-25
-17
-43
-17
-18
-24
-12
-33
-44
-53
-32
-35
-49
-14
-36
-61
-31
-19
-35
-34
-66
-65
0
0
0
0
41
42
1
-22
-16
12
-22
2
-10
15
-12
-65
-43
-19
-7
1
-20
-29
12
-13
-37
-13
-16
-5
-11
-40
-28
-24
0
0
0
0
30
3
2
-8
-23
-17
8
13
-19
-11
-5
-6
-2
24
-10
16
16
-18
-12
-19
-27
-10
3
-6
3
-8
-36
-25
0
0
0
0
7
16
-12
-40
-22
-9
-41
-39
-15
-25
-47
-27
-32
-34
-47
-32
-37
-39
-25
-46
-14
-44
-26
12
-16
-38
-12
-43
0
0
0
0
23
48
-37
-29
-58
-59
-56
-44
-62
-103
-59
-44
-46
-36
-8
-34
-4
-44
-59
-55
-65
-48
-15
-65
-63
-62
-87
-68
0
0
0
0
40
39
21
-11
-7
18
-13
-5
-5
26
-8
-29
-3
-29
-57
-60
-41
12
-30
-32
-27
-35
-29
22
-10
-15
-49
-59
0
0
0
0
49
36
-9
3
-18
-9
19
28
-3
14
2
-9
4
26
54
29
52
-12
23
21
-10
33
43
-12
17
6
-34
-8
0
0
0
0
47
32
7
4
19
25
-8
16
-1
-18
-32
2
9
8
-5
1
0
4
-21
-35
6
-9
11
39
6
0
-7
-46
0
0
0
0
16
4
83
14
25
33
25
-2
37
66
14
34
51
46
12
11
-16
46
13
29
57
50
6
38
37
-12
-26
23
0
0
0
0
66
4
13
50
35
2
13
30
1
5
-8
13
8
32
48
28
15
-7
47
14
17
20
24
-13
-1
-13
2
-5
0
0
0
0
32
31
43
30
11
22
50
22
14
34
20
28
23
18
5
25
39
12
18
35
4
-5
22
14
32
13
-14
-21
0
0
0
0
67
58
37
14
35
34
15
44
36
50
20
1
19
28
42
39
25
52
42
11
24
24
31
55
32
16
21
-14
0
0
0
0
25
-1
18
37
41
5
-16
18
21
33
15
3
23
30
41
34
20
27
9
2
14
29
14
6
29
41
44
14
0
0
0
0
-23
-25
-11
10
-41
28
23
-27
-23
-11
-29
5
7
-21
-2
-17
-54
12
8
2
1
-11
-4
-9
-41
-34
25
21
0
0
0
0
39
39
29
50
36
26
7
-3
54
53
23
65
23
42
52
14
41
38
25
16
42
31
37
54
11
64
47
-3
0
0
0
0
-71
-41
-83
-32
-25
-39
-13
-31
-16
-58
-62
-41
-43
-31
-13
-62
-38
-30
-36
-24
-8
-20
-16
-16
-77
-36
-18
-21
0
0
0
0
12
49
21
-36
5
16
38
34
20
8
47
38
12
-1
-13
26
23
20
33
22
1
-5
30
28
28
19
-22
5
0
0
0
0
13
-14
-31
-9
24
45
-64
24
11
20
24
-4
-1
2
-9
29
-6
8
29
-42
-6
53
44
-31
-17
60
-4
14
0
0
0
0
7
17
29
-4
10
49
55
55
18
31
13
17
-2
-7
-1
9
3
6
29
16
0
21
19
-4
16
-5
-22
24
0
0
0
0
-68
-65
-54
-46
-30
-22
-18
-11
-2
-11
-3
14
2
-17
-29
-41
-25
-24
-4
1
-13
-6
-5
-26
-18
-8
3
14
0
0
0
0
-19
-22
25
65
38
-11
0
-8
26
14
-4
-14
8
41
11
-11
15
-8
-37
-2
21
6
-23
-2
36
17
32
2
0
0
0
0
22
13
-21
-10
-46
41
19
35
36
17
8
-7
-45
5
2
-28
23
20
29
0
3
23
-3
34
-19
-6
-4
15
0
0
0
0
26
13
45
49
39
14
-2
28
21
33
1
-12
39
30
56
32
53
47
28
39
38
52
-6
19
29
41
39
-7
0
0
0
0
-56
-54
-30
-44
-67
6
-42
-59
-31
-20
-6
28
-3
-21
-16
-90
-36
-3
-12
-19
-15
-13
-19
2
-35
15
39
-12
0
0
0
0
-30
-1
-10
-21
-4
-14
9
-47
-40
-45
-15
-5
-2
-36
21
6
-12
-12
9
6
6
-2
-3
4
-48
-56
-16
5
0
0
0
0
1
-18
29
31
17
-3
-38
2
22
38
23
-3
1
40
21
31
-3
9
5
0
-9
-2
9
-7
28
47
69
62
0
0
0
0
23
64
7
-13
16
37
42
27
-1
29
65
35
18
0
4
40
-1
21
30
19
-1
-5
39
30
33
7
-11
27
0
0
0
0
-23
-14
-22
12
60
-10
-59
-6
-51
13
23
-6
-3
-24
28
18
-5
42
-23
-49
-20
44
22
-28
33
26
27
50
0
0
0
0
-55
-50
-44
-13
-11
-32
-4
-12
10
-27
-35
1
31
-12
-36
-52
-52
-52
-33
-16
-15
-36
-44
-75
-30
-20
-28
-19
0
0
0
0
59
28
0
36
21
-26
-15
-6
2
38
45
60
-9
-11
25
12
20
28
38
-5
4
-8
8
44
39
46
43
20
0
0
0
0
9
-16
34
40
2
6
20
25
58
17
7
29
8
43
13
19
38
-24
-9
-3
12
-7
-7
38
37
28
20
-14
0
0
0
0
-6
-13
-7
26
-6
53
-22
32
6
31
30
2
-8
15
-4
7
29
23
25
-6
-11
-13
-20
6
-62
-10
40
78
0
0
0
0
-47
-55
-56
-40
-35
34
34
10
-7
-44
-24
-67
-62
-18
-11
-8
5
-4
12
-8
35
57
44
20
-24
-25
-27
-30
0
0
0
0
5
-5
-16
78
58
2
0
0
14
33
13
37
-11
22
10
29
30
-50
-5
2
10
4
6
0
-25
53
33
41
0
0
0
0
43
44
46
32
21
16
20
5
-10
-7
6
19
-4
15
44
44
40
28
48
27
57
58
71
35
11
7
-12
17
0
0
0
0
-18
-33
-2
36
35
3
-10
14
31
20
29
-13
0
8
-15
6
-1
49
22
26
12
23
14
-29
-8
52
92
34
0
0
0
0
-74
-28
-17
-48
-46
-50
-16
-24
-19
-18
-14
-23
32
-34
-34
-62
-78
-36
-29
-19
-46
-51
-37
-38
-15
-73
-50
-24
0
0
0
0
25
-2
55
27
3
-1
48
15
1
42
-24
-30
13
-3
31
24
50
35
50
27
41
77
2
6
-43
26
41
26
0
0
0
0
22
15
16
9
-13
-5
20
29
45
41
-12
56
47
7
20
-18
-8
8
0
13
-12
-19
-37
-28
20
17
-17
1
0
0
0
0
13
-31
7
57
28
24
21
6
-27
54
28
58
-61
-16
-1
-25
17
2
33
-35
3
-12
11
43
6
51
24
34
0
0
0
0
-36
-42
-61
-61
-63
-42
-58
-26
-20
-43
-20
-8
-42
-20
-13
-16
11
-18
-20
2
-17
2
4
38
20
-11
19
-8
0
0
0
0
9
12
9
4
20
31
4
75
29
-9
-4
26
48
25
-42
-21
-5
8
33
29
6
-31
-7
-4
9
-9
44
41
0
0
0
0
26
3
5
-2
30
44
18
18
24
2
20
-33
2
29
16
68
35
50
52
37
66
43
49
45
37
56
19
-12
0
0
0
0
-60
-78
-9
93
34
-5
-29
15
38
53
45
2
0
-3
-11
18
-9
-43
-17
17
-18
-4
2
13
0
37
19
34
0
0
0
0
-48
-2
-21
4
-21
-25
-18
-30
-32
-35
9
-1
9
-17
-6
-19
-35
-21
-78
-79
-66
-50
-27
-34
-19
-18
-38
7
0
0
0
0
-21
0
-1
18
21
12
27
56
42
22
-24
19
-37
15
0
15
82
29
-1
-5
52
9
44
33
78
66
-4
-1
0
0
0
0
2
68
27
52
22
28
14
-6
-4
15
-15
14
29
18
10
-20
-5
2
-12
-12
-12
-21
-9
17
11
-16
-22
3
0
0
0
0
-32
-56
25
14
8
-15
37
13
60
53
-32
-7
5
-20
-11
-11
22
35
26
-19
27
8
17
-1
-13
12
1
52
0
0
0
0
4
-33
-39
-17
-46
-48
-59
-64
-62
-25
-19
-21
-26
-53
-17
-22
-20
-23
28
23
0
15
-21
-28
-49
-2
19
11
0
0
0
0
14
40
54
7
56
19
-13
-9
63
15
17
-25
31
52
14
10
-9
-19
8
9
12
-21
42
17
-5
1
37
1
0
0
0
0
31
2
7
-21
14
-9
2
15
17
-6
31
9
-10
33
30
50
49
14
54
35
28
42
35
40
16
40
38
-9
0
0
0
0
-41
-19
-12
23
5
-14
-20
84
28
15
0
24
45
-18
-55
-11
-12
2
33
31
-7
16
-18
8
-49
29
71
1
0
0
0
0
-29
-21
-26
-43
-20
16
-7
-20
-38
-23
-13
-16
-2
-29
-22
-1
18
-3
-34
-23
-26
-28
-47
3
-35
-54
-33
19
0
0
0
0
29
16
5
-17
-37
2
4
28
30
26
10
28
-2
-6
21
6
4
33
21
29
28
23
22
-12
-11
39
52
69
0
0
0
0
21
55
25
18
17
53
48
30
25
10
35
30
41
31
34
17
32
24
-28
12
13
5
20
7
13
-2
-25
25
0
0
0
0
-26
-6
-6
5
11
-15
36
3
37
29
21
27
-18
40
-8
39
72
8
24
36
66
8
30
0
58
4
15
38
0
0
0
0
-40
-67
-55
20
11
-17
-14
-21
-34
-35
-33
-58
-44
-33
-35
-73
-46
-43
-8
-46
-51
-23
-14
-44
-2
34
-7
-9
0
0
0
0
42
15
6
-10
-17
63
61
22
-39
3
63
24
-5
15
0
73
42
-8
-1
23
26
34
4
-6
-22
63
6
34
0
0
0
0
45
2
45
14
-6
1
-3
-6
-22
19
2
7
5
9
10
-1
-27
17
50
34
30
50
22
0
20
44
23
-14
0
0
0
0
14
9
19
23
47
23
-7
39
22
9
-33
-47
3
11
-4
0
-15
0
28
11
-32
-17
28
26
5
32
29
18
0
0
0
0
-75
-45
-22
-28
12
1
-38
-44
-20
-21
-14
-6
-24
-46
-28
-43
-19
-23
-5
-8
-21
-40
-33
28
-24
-52
-18
-2
0
0
0
0
27
1
-4
28
-9
62
-6
-11
-6
9
-8
-3
-20
10
38
-12
-25
27
40
5
34
29
-13
-25
38
63
18
49
0
0
0
0
-12
33
17
-23
18
35
31
12
16
25
32
23
16
20
53
54
56
42
28
29
26
4
4
59
24
1
1
27
0
0
0
0
-8
-26
-26
-39
-11
23
34
42
13
-12
-20
-13
-62
-26
-9
0
-29
11
-6
22
8
-2
1
-48
-2
13
83
38
0
0
0
0
-76
-22
-33
11
11
-35
-28
-23
15
-14
-39
-29
-1
-3
-27
-28
-7
-20
-53
-55
-33
-47
-39
-23
-13
-10
-14
-25
0
0
0
0
-2
10
14
-28
55
16
10
39
17
-20
-28
14
42
-9
20
31
38
33
50
-7
-4
-25
28
70
9
13
71
20
0
0
0
0
13
1
1
55
26
2
3
29
15
-3
-6
12
26
34
3
-3
-5
-17
-4
-38
-5
-3
17
-9
42
50
-11
-17
0
0
0
0
-3
-19
-33
-56
-5
51
50
-1
-29
20
-4
-10
2
-4
-1
35
2
-27
-2
8
30
0
-55
-61
-56
21
7
62
0
0
0
0
-32
-32
-5
23
-54
-43
-46
-50
-34
34
48
-1
-15
-17
-49
-34
-33
-12
15
16
-14
-8
12
-34
-39
-36
-29
9
0
0
0
0
3
-24
20
46
32
-28
88
9
11
-8
-3
-37
39
15
18
26
41
-14
-27
-31
19
23
-11
-15
15
86
15
42
0
0
0
0
20
12
28
-1
20
17
10
-21
18
23
24
30
40
15
33
26
31
37
31
38
38
39
43
42
20
16
8
17
0
0
0
0
-34
-51
-5
24
16
62
-9
0
-29
-20
-26
-48
-31
27
24
-15
2
50
25
6
23
24
-41
-36
15
16
46
57
0
0
0
0
-18
-4
-3
-25
-51
-14
-23
25
16
-17
0
32
-22
-18
-5
-18
-37
-9
-13
8
-13
9
-10
3
-10
-49
-27
-18
0
0
0
0
-8
8
34
50
11
-9
-7
-26
-4
15
14
45
0
23
2
3
3
21
34
62
47
11
-4
15
-8
26
5
46
0
0
0
0
19
38
28
49
34
27
25
33
38
18
6
33
33
23
17
32
21
6
-2
17
14
-2
5
9
20
30
-4
-9
0
0
0
0
-38
-36
-16
26
71
-8
28
34
9
-44
-6
28
-3
-4
21
24
28
31
64
39
36
-29
55
57
-8
45
54
43
0
0
0
0
-25
-9
-47
-46
-22
-21
-35
-12
-23
10
-33
-68
-52
-49
-67
-35
-23
-45
-45
-40
-40
-54
-61
-42
-26
-28
3
2
0
0
0
0
14
50
-1
29
30
-31
0
69
2
5
22
25
15
15
14
55
56
34
13
30
-6
-1
48
17
5
-3
67
40
0
0
0
0
31
12
34
24
-10
0
-3
-30
-14
52
17
-3
35
10
-14
17
2
10
5
23
-2
29
32
15
41
5
4
10
0
0
0
0
-45
-70
11
42
-21
-20
22
-23
-4
9
-11
-16
51
2
44
26
24
-17
-18
15
40
18
-46
-6
41
60
15
36
0
0
0
0
-35
-61
-33
-39
-23
-4
1
2
-21
-43
-31
-24
-22
-17
21
-39
-51
-16
-10
-40
-43
-3
-13
-16
-34
-5
-15
-5
0
0
0
0
-13
27
41
19
-8
-17
-42
21
2
13
56
45
-5
8
3
-1
4
22
2
-23
42
8
29
-21
13
42
37
9
0
0
0
0
34
52
14
-5
4
3
31
66
22
30
67
53
12
39
48
10
37
35
54
18
29
32
38
33
18
30
-9
-6
0
0
0
0
-34
-18
35
34
24
-8
-57
-70
-48
-24
29
27
-17
44
33
57
37
40
8
40
27
12
34
2
-10
14
46
65
0
0
0
0
-33
-47
-40
-39
-12
28
36
-9
25
-12
-62
-42
-24
-39
-60
-30
-45
-72
-26
-22
-32
-69
-82
-50
-52
-44
-41
-7
0
0
0
0
26
10
53
-37
-36
46
32
-14
25
21
10
18
16
34
61
3
13
39
55
-4
-36
27
45
59
43
-3
35
39
0
0
0
0
20
50
13
-4
34
15
17
15
36
28
1
-10
1
-11
-3
27
-4
-21
-21
-4
10
-14
-36
7
-1
8
0
-16
0
0
0
0
-45
-22
6
85
26
-20
18
29
-23
1
6
6
14
-6
9
26
24
-9
32
11
-19
5
9
10
-25
16
62
4
0
0
0
0
-40
-41
-73
9
23
-13
-10
-13
-65
-38
-32
-75
-39
5
-9
-24
9
1
-35
7
11
1
-13
-22
-19
12
4
27
0
0
0
0
39
4
-41
8
80
25
20
37
-2
-13
13
24
-21
1
23
-5
18
-6
-19
33
-18
-13
15
-2
-33
60
58
33
0
0
0
0
9
10
11
18
27
20
15
25
-7
6
31
21
35
43
50
10
50
36
34
22
28
74
72
41
32
50
15
15
0
0
0
0
-46
-15
-24
-31
-35
-45
0
41
-2
38
41
-15
-39
15
-15
-34
-16
-7
-31
-7
-2
-46
-13
-17
22
46
53
29
0
0
0
0
-58
-19
5
1
-17
-4
-37
-17
-10
3
18
38
7
-33
-23
-28
-35
-17
3
-12
0
-27
-21
-27
-38
-55
-60
-27
0
0
0
0
-14
-19
34
14
20
17
39
-3
-8
9
-16
-9
29
23
5
29
32
34
-32
1
43
37
8
33
30
95
39
23
0
0
0
0
15
36
40
4
7
40
36
29
56
7
5
36
15
3
-32
20
-19
-4
10
27
-5
1
-2
7
9
-14
-19
-19
0
0
0
0
-14
5
4
-74
-21
19
8
-10
22
-6
50
26
-11
3
33
-3
13
21
-3
-58
-30
-8
-4
16
3
34
83
38
0
0
0
0
-32
-42
-36
-5
-39
-48
-80
-45
-13
-21
-39
-60
-38
-8
-17
5
-39
-20
9
-8
-2
15
-44
-33
-18
-43
-11
1
0
0
0
0
41
51
0
-30
-25
50
30
39
54
21
4
50
41
5
-21
-27
1
27
105
-46
-10
23
-5
14
23
-1
21
73
0
0
0
0
25
17
-10
30
37
16
14
10
-12
5
-6
-40
18
11
23
16
39
17
10
18
34
17
7
42
37
30
23
19
0
0
0
0
22
-45
-14
33
58
29
14
15
-3
20
42
19
-29
-7
-23
12
-1
-5
-13
20
-24
17
6
-44
-11
35
80
21
0
0
0
0
-57
-14
-17
14
-8
-17
-31
-22
-55
-21
13
31
-8
-13
30
-4
17
-19
-40
27
-2
-35
0
-31
-55
-35
-42
-23
0
0
0
0
28
-23
-43
74
15
-28
10
5
26
16
-21
9
26
-11
4
19
30
5
2
13
9
17
22
-13
-17
67
50
48
0
0
0
0
-5
34
26
19
17
22
23
16
36
52
69
88
50
32
35
48
38
43
32
25
23
23
37
25
28
3
-27
-2
0
0
0
0
-35
-41
-5
-14
16
9
50
-11
30
-11
4
6
49
48
36
16
46
8
-10
47
54
60
67
28
28
60
40
52
0
0
0
0
-81
-46
-21
-21
-19
-24
-52
-39
-6
-27
-50
-52
-41
-49
-50
-51
-46
-14
-35
-37
-38
-41
-50
-2
-12
-19
9
-18
0
0
0
0
-40
53
46
25
18
5
-13
8
18
38
44
44
68
-9
29
27
11
37
-2
32
51
12
-5
75
-12
16
4
6
0
0
0
0
29
25
33
33
19
7
-12
30
41
-18
-12
-39
-3
-7
1
7
-14
19
17
10
38
28
-2
31
10
22
8
-12
0
0
0
0
13
-18
-2
-30
23
13
-28
17
5
-21
-35
62
23
10
-23
-17
-32
48
26
-40
52
15
-9
36
10
15
93
59
0
0
0
0
-21
-34
-35
-49
-42
-3
24
26
-45
-10
-8
-52
-66
-20
2
3
-19
-43
-15
-13
-39
-24
-32
-54
-7
-24
-23
9
0
0
0
0
-14
-41
-48
-28
-14
-33
-25
-49
7
-24
-29
2
-5
-31
-43
-18
-6
-31
-29
-51
-42
-46
-37
-21
-13
-30
3
-22
0
0
0
0
-29
-31
-12
-39
-12
6
-2
-16
-7
7
-15
-21
-37
-27
-25
-4
-27
-8
-16
-14
16
-7
-12
-12
-4
-27
-8
-11
0
0
0
0
-21
-52
-40
-27
-3
-56
-24
-30
-26
-31
3
15
1
10
2
-3
-20
-23
-34
-7
-7
1
9
-23
-18
-15
-10
-6
0
0
0
0
12
24
-6
29
1
-25
-14
42
15
3
-1
-20
3
65
-2
-37
-26
58
23
11
-9
40
34
-2
5
29
15
47
0
0
0
0
-17
18
8
36
-5
35
61
23
-9
-9
14
-7
56
11
27
30
27
1
38
26
15
27
-6
10
12
43
45
29
0
0
0
0
12
47
-19
18
20
6
-3
-14
21
32
53
17
30
-12
9
8
31
14
44
30
-43
-10
8
18
28
40
17
5
0
0
0
0
37
42
17
16
1
35
7
47
58
41
-21
-40
-9
30
12
33
34
49
10
-11
26
41
23
36
2
9
27
3
0
0
0
0
7
25
3
10
14
27
66
21
-6
44
49
45
17
58
45
27
51
-8
11
52
-3
17
30
-5
25
15
-21
16
0
0
0
0
-4
21
-11
4
-10
-25
-42
-3
-5
0
-6
7
9
-16
-22
-34
1
14
-3
-20
-8
-25
-11
3
-8
10
17
-28
0
0
0
0
29
24
41
-11
21
31
52
18
-3
31
14
-35
-13
-4
25
29
5
11
29
16
6
31
3
7
26
3
-9
21
0
0
0
0
18
4
-20
16
0
1
-13
14
28
-7
22
44
34
31
18
42
19
5
5
-13
0
-6
25
19
3
-5
7
-25
0
0
0
0
-44
-71
15
66
-8
-18
11
-52
2
-44
8
-7
3
-45
-21
-31
2
-26
2
-4
-5
2
-33
-67
-12
28
18
52
0
0
0
0
-19
4
1
-15
7
-10
-34
-3
15
10
1
51
-10
-1
20
14
2
35
-3
35
18
-17
11
25
-62
-4
-12
-1
0
0
0
0
20
24
21
74
10
12
23
52
32
43
1
-5
53
54
15
-31
46
53
36
35
41
86
43
22
49
46
45
60
0
0
0
0
29
39
79
54
60
92
99
62
72
70
73
84
99
43
69
83
59
84
87
70
63
61
32
67
62
111
89
75
0
0
0
0
